-0.00400000018999 -1.01600003242 -0.0120000001043
0.00400000018999 -1.01600003242 -0.0200000014156
0.00400000018999 -1.01600003242 -0.0200000014156
-0.0 -1.00800001621 -0.0240000002086
-0.0 -1.00800001621 -0.0240000002086
-0.00800000037998 -1.00800001621 -0.0320000015199
-0.00800000037998 -1.00800001621 -0.0320000015199
-0.00400000018999 -1.00400006771 -0.0320000015199
-0.00400000018999 -1.00400006771 -0.0320000015199
0.00800000037998 -1.00800001621 -0.0120000001043
0.00800000037998 -1.00800001621 -0.0120000001043
-0.00400000018999 -1.02000010014 -0.0320000015199
-0.00400000018999 -1.02000010014 -0.0320000015199
-0.00400000018999 -1.01600003242 -0.00800000037998
-0.00400000018999 -1.01600003242 -0.00800000037998
-0.0 -1.01600003242 -0.0200000014156
-0.0 -1.01600003242 -0.0200000014156
0.00400000018999 -1.03200006485 -0.0240000002086
0.00400000018999 -1.03200006485 -0.0240000002086
0.00400000018999 -1.02000010014 -0.0280000008643
0.00400000018999 -1.02000010014 -0.0280000008643
-0.0 -1.01200008392 -0.01600000076
-0.0 -1.01200008392 -0.01600000076
-0.0 -1.02000010014 -0.0120000001043
-0.0 -1.02000010014 -0.0120000001043
-0.00400000018999 -1.01200008392 -0.00800000037998
-0.00400000018999 -1.01200008392 -0.00800000037998
-0.00400000018999 -1.01200008392 -0.0120000001043
-0.00400000018999 -1.01200008392 -0.0120000001043
0.00400000018999 -1.00400006771 -0.0200000014156
0.00400000018999 -1.00400006771 -0.0200000014156
-0.0 -1.01600003242 -0.01600000076
-0.0 -1.01600003242 -0.01600000076
0.00800000037998 -1.01200008392 -0.0200000014156
0.00800000037998 -1.01200008392 -0.0200000014156
-0.0 -1.01600003242 -0.0200000014156
-0.0 -1.01600003242 -0.0200000014156
-0.0 -1.02000010014 -0.0120000001043
-0.0 -1.02000010014 -0.0120000001043
-0.0 -1.01200008392 -0.01600000076
-0.0 -1.01200008392 -0.01600000076
0.00400000018999 -1.00800001621 -0.00800000037998
0.00400000018999 -1.00800001621 -0.00800000037998
-0.0 -1.01200008392 -0.0120000001043
-0.0 -1.01200008392 -0.0120000001043
-0.00400000018999 -1.01200008392 -0.0200000014156
-0.00400000018999 -1.01200008392 -0.0200000014156
0.00800000037998 -1.01200008392 -0.01600000076
0.00800000037998 -1.01200008392 -0.01600000076
0.00800000037998 -1.01200008392 -0.0240000002086
0.00800000037998 -1.01200008392 -0.0240000002086
-0.00400000018999 -1.00800001621 -0.01600000076
-0.00400000018999 -1.00800001621 -0.01600000076
-0.0 -1.01600003242 -0.01600000076
-0.0 -1.01600003242 -0.01600000076
-0.0 -1.01200008392 -0.00800000037998
-0.0 -1.01200008392 -0.00800000037998
-0.0120000001043 -1.01200008392 -0.0200000014156
-0.0120000001043 -1.01200008392 -0.0200000014156
-0.0 -1.01600003242 -0.0240000002086
-0.0 -1.01600003242 -0.0240000002086
0.00800000037998 -1.01200008392 -0.01600000076
0.00800000037998 -1.01200008392 -0.01600000076
-0.0 -1.01600003242 -0.00800000037998
-0.0 -1.01600003242 -0.00800000037998
0.00400000018999 -1.01600003242 -0.0120000001043
0.00400000018999 -1.01600003242 -0.0120000001043
0.0120000001043 -1.01600003242 -0.00800000037998
0.0120000001043 -1.01600003242 -0.00800000037998
-0.00400000018999 -1.01600003242 -0.00800000037998
-0.00400000018999 -1.0 -0.01600000076
0.00400000018999 -1.00800001621 -0.01600000076
0.00400000018999 -1.00800001621 -0.0200000014156
0.00400000018999 -1.00800001621 -0.0200000014156
-0.0 -1.01200008392 -0.01600000076
-0.0 -1.01200008392 -0.01600000076
0.00400000018999 -1.02000010014 -0.0240000002086
0.00400000018999 -1.02000010014 -0.0240000002086
-0.0 -1.02000010014 -0.0200000014156
-0.0 -1.02000010014 -0.0200000014156
-0.00400000018999 -1.01200008392 -0.0280000008643
-0.00400000018999 -1.01200008392 -0.0280000008643
-0.0 -1.01200008392 -0.0200000014156
-0.0 -1.01200008392 -0.0200000014156
0.00800000037998 -1.01200008392 -0.0120000001043
0.00800000037998 -1.01200008392 -0.0120000001043
0.00800000037998 -1.01600003242 -0.0320000015199
0.00800000037998 -1.01600003242 -0.0320000015199
-0.0 -1.01600003242 -0.00800000037998
-0.0 -1.01600003242 -0.00800000037998
-0.0 -1.01600003242 -0.0280000008643
-0.0 -1.01600003242 -0.0280000008643
-0.0 -1.01200008392 -0.0240000002086
-0.0 -1.01200008392 -0.0240000002086
0.00400000018999 -1.01200008392 -0.0120000001043
0.00400000018999 -1.01200008392 -0.0120000001043
0.0120000001043 -1.01200008392 -0.01600000076
0.0120000001043 -1.01200008392 -0.01600000076
-0.00800000037998 -1.00800001621 -0.0240000002086
-0.00800000037998 -1.00800001621 -0.0240000002086
-0.00400000018999 -1.01200008392 -0.00800000037998
-0.00400000018999 -1.01200008392 -0.00800000037998
-0.0 -1.01600003242 -0.0240000002086
-0.0 -1.01600003242 -0.0240000002086
-0.00400000018999 -1.01600003242 -0.0200000014156
-0.00400000018999 -1.01600003242 -0.0200000014156
-0.00400000018999 -1.02000010014 -0.0200000014156
-0.00400000018999 -1.02000010014 -0.0200000014156
0.00400000018999 -1.02400004864 -0.01600000076
0.00400000018999 -1.02400004864 -0.01600000076
0.00400000018999 -1.01200008392 -0.0240000002086
0.00400000018999 -1.01200008392 -0.0240000002086
0.00800000037998 -1.01600003242 -0.0120000001043
0.00800000037998 -1.01600003242 -0.0120000001043
-0.00400000018999 -1.01200008392 -0.01600000076
-0.00400000018999 -1.01200008392 -0.01600000076
-0.00800000037998 -1.01600003242 -0.01600000076
-0.00800000037998 -1.01600003242 -0.01600000076
0.00800000037998 -1.02000010014 -0.01600000076
0.00800000037998 -1.02000010014 -0.01600000076
-0.00400000018999 -1.01200008392 -0.0240000002086
-0.00400000018999 -1.01200008392 -0.0240000002086
0.0120000001043 -1.02000010014 -0.0240000002086
0.0120000001043 -1.02000010014 -0.0240000002086
-0.00400000018999 -1.00800001621 -0.01600000076
-0.00400000018999 -1.00800001621 -0.01600000076
-0.0 -1.02000010014 -0.0240000002086
-0.0 -1.02000010014 -0.0240000002086
0.00800000037998 -1.01600003242 -0.0200000014156
0.00800000037998 -1.01600003242 -0.0200000014156
0.00800000037998 -1.01600003242 -0.0120000001043
0.00800000037998 -1.01600003242 -0.0120000001043
0.00400000018999 -1.02799999714 -0.0320000015199
0.00400000018999 -1.02799999714 -0.0320000015199
0.00400000018999 -1.00800001621 -0.0320000015199
0.00400000018999 -1.00800001621 -0.0320000015199
-0.0 -1.01200008392 -0.00800000037998
-0.0 -1.01200008392 -0.00800000037998
-0.0 -1.02000010014 -0.0200000014156
-0.0 -1.02000010014 -0.0200000014156
0.00800000037998 -1.01200008392 -0.0240000002086
0.00800000037998 -1.01200008392 -0.0200000014156
-0.0 -1.01200008392 -0.0200000014156
-0.0 -1.01600003242 -0.0200000014156
-0.0 -1.01600003242 -0.0200000014156
-0.0 -1.01200008392 -0.0240000002086
-0.0 -1.01200008392 -0.0240000002086
0.00400000018999 -1.01200008392 -0.0240000002086
0.00400000018999 -1.01200008392 -0.0240000002086
-0.00400000018999 -1.00800001621 -0.01600000076
-0.00400000018999 -1.00800001621 -0.01600000076
-0.0 -1.01600003242 -0.0240000002086
-0.0 -1.01600003242 -0.0240000002086
-0.00400000018999 -1.02000010014 -0.0200000014156
-0.00400000018999 -1.02000010014 -0.0200000014156
-0.0 -1.01600003242 -0.0280000008643
-0.0 -1.01600003242 -0.0280000008643
0.00400000018999 -1.01600003242 -0.01600000076
0.00400000018999 -1.01600003242 -0.01600000076
0.00400000018999 -1.01600003242 -0.0200000014156
0.00400000018999 -1.01600003242 -0.0200000014156
-0.0 -1.01200008392 -0.0120000001043
-0.0 -1.01200008392 -0.0120000001043
-0.0 -1.01600003242 -0.00800000037998
-0.0 -1.01600003242 -0.00800000037998
0.0120000001043 -1.01600003242 -0.01600000076
0.0120000001043 -1.01600003242 -0.01600000076
-0.0 -1.02000010014 -0.0120000001043
-0.0 -1.02000010014 -0.0120000001043
0.00800000037998 -1.01200008392 -0.0200000014156
0.00800000037998 -1.01200008392 -0.0200000014156
0.00400000018999 -1.02000010014 -0.00800000037998
0.00400000018999 -1.02000010014 -0.00800000037998
-0.0 -1.01200008392 -0.0360000021756
-0.0 -1.01200008392 -0.0360000021756
0.00800000037998 -1.02000010014 -0.0240000002086
0.00800000037998 -1.02000010014 -0.0240000002086
-0.0 -1.02000010014 -0.0280000008643
-0.0 -1.02000010014 -0.0280000008643
-0.0 -1.01200008392 -0.0120000001043
-0.0 -1.01200008392 -0.0120000001043
-0.00400000018999 -1.01200008392 -0.0240000002086
-0.00400000018999 -1.01200008392 -0.0240000002086
0.00400000018999 -1.01600003242 -0.0200000014156
0.00400000018999 -1.01600003242 -0.0200000014156
-0.0 -1.02000010014 -0.01600000076
-0.0 -1.02000010014 -0.01600000076
-0.0 -1.01600003242 -0.0240000002086
-0.0 -1.01600003242 -0.0240000002086
-0.0 -1.01200008392 -0.0200000014156
-0.0 -1.01200008392 -0.0200000014156
-0.0 -1.0 -0.0200000014156
-0.0 -1.0 -0.0200000014156
-0.00400000018999 -1.01600003242 -0.01600000076
-0.00400000018999 -1.01600003242 -0.01600000076
-0.00400000018999 -1.02000010014 -0.0120000001043
-0.00400000018999 -1.02000010014 -0.0120000001043
0.00800000037998 -1.00800001621 -0.0120000001043
0.00800000037998 -1.00800001621 -0.0120000001043
0.00800000037998 -1.01200008392 -0.01600000076
0.00800000037998 -1.01200008392 -0.01600000076
0.00400000018999 -1.01200008392 -0.0240000002086
0.00400000018999 -1.01200008392 -0.0240000002086
-0.00400000018999 -1.01600003242 -0.0120000001043
-0.00400000018999 -1.01600003242 -0.0120000001043
-0.0 -1.02000010014 -0.0200000014156
-0.0 -1.02000010014 -0.0200000014156
0.00400000018999 -1.00400006771 -0.01600000076
0.00400000018999 -1.00400006771 -0.0200000014156
-0.0 -1.01200008392 -0.0200000014156
-0.0 -1.00800001621 -0.01600000076
-0.0 -1.00800001621 -0.01600000076
-0.0 -1.00800001621 -0.0120000001043
-0.0 -1.00800001621 -0.0120000001043
-0.0 -1.02000010014 -0.0200000014156
-0.0 -1.02000010014 -0.0200000014156
0.00800000037998 -1.01600003242 -0.00800000037998
0.00800000037998 -1.01600003242 -0.00800000037998
-0.0 -1.01600003242 -0.01600000076
-0.0 -1.01600003242 -0.01600000076
-0.0 -1.01200008392 -0.00400000018999
-0.0 -1.01200008392 -0.00400000018999
0.00800000037998 -1.01200008392 -0.0120000001043
0.00800000037998 -1.01200008392 -0.0120000001043
0.00400000018999 -1.01600003242 -0.0240000002086
0.00400000018999 -1.01600003242 -0.0240000002086
-0.0 -1.01200008392 -0.0320000015199
-0.0 -1.01200008392 -0.0320000015199
0.00400000018999 -1.02000010014 -0.0200000014156
0.00400000018999 -1.02000010014 -0.0200000014156
0.00400000018999 -1.0 -0.01600000076
0.00400000018999 -1.0 -0.01600000076
-0.00400000018999 -1.02000010014 -0.0200000014156
-0.00400000018999 -1.02000010014 -0.0200000014156
-0.00400000018999 -1.01600003242 -0.0240000002086
-0.00400000018999 -1.01600003242 -0.0240000002086
-0.00800000037998 -1.01600003242 -0.0280000008643
-0.00800000037998 -1.01600003242 -0.0280000008643
-0.00400000018999 -1.01600003242 -0.0200000014156
-0.00400000018999 -1.01600003242 -0.0200000014156
-0.00400000018999 -1.02400004864 -0.0280000008643
-0.00400000018999 -1.02400004864 -0.0280000008643
-0.0 -1.01600003242 -0.0120000001043
-0.0 -1.01600003242 -0.0120000001043
-0.0 -1.01600003242 -0.0120000001043
-0.0 -1.01600003242 -0.0120000001043
0.00800000037998 -1.01600003242 -0.01600000076
0.00800000037998 -1.01600003242 -0.01600000076
-0.00400000018999 -1.02400004864 -0.0200000014156
-0.00400000018999 -1.02400004864 -0.0200000014156
-0.0120000001043 -1.02400004864 -0.0360000021756
-0.0120000001043 -1.02400004864 -0.0360000021756
0.00800000037998 -1.00400006771 -0.0200000014156
0.00800000037998 -1.00400006771 -0.0200000014156
-0.0 -1.01600003242 -0.0200000014156
-0.0 -1.01600003242 -0.0200000014156
-0.0 -1.02000010014 -0.0280000008643
-0.0 -1.02000010014 -0.0280000008643
0.00400000018999 -1.02000010014 -0.0240000002086
0.00400000018999 -1.02000010014 -0.0240000002086
-0.0120000001043 -1.01200008392 -0.01600000076
-0.0120000001043 -1.01200008392 -0.01600000076
0.00400000018999 -1.00800001621 -0.0120000001043
0.00400000018999 -1.00800001621 -0.0120000001043
-0.00400000018999 -1.02000010014 -0.0320000015199
-0.00400000018999 -1.02000010014 -0.0320000015199
0.00400000018999 -1.01200008392 -0.01600000076
0.00400000018999 -1.01200008392 -0.01600000076
-0.0 -1.00800001621 -0.01600000076
-0.0 -1.00800001621 -0.01600000076
-0.00400000018999 -1.02400004864 -0.0440000034869
-0.00400000018999 -1.02400004864 -0.0440000034869
0.0240000002086 -0.992000043392 -0.00400000018999
0.0240000002086 -0.992000043392 -0.00400000018999
-0.0280000008643 -1.01200008392 -0.00800000037998
-0.0280000008643 -1.01200008392 -0.00800000037998
-0.00800000037998 -1.00800001621 -0.0200000014156
-0.00800000037998 -1.00800001621 -0.0200000014156
-0.01600000076 -1.02000010014 -0.0280000008643
0.0320000015199 -1.02400004864 -0.0120000001043
0.0240000002086 -1.02400004864 -0.0120000001043
0.0120000001043 -1.02000010014 0.00400000018999
0.0120000001043 -1.02000010014 0.00400000018999
0.00400000018999 -1.01600003242 -0.01600000076
0.00400000018999 -1.01600003242 -0.01600000076
0.0120000001043 -1.01600003242 -0.0240000002086
0.0120000001043 -1.01600003242 -0.0240000002086
-0.0 -1.01200008392 -0.0320000015199
-0.0 -1.01200008392 -0.0320000015199
-0.0120000001043 -1.01200008392 -0.0400000028312
-0.0120000001043 -1.01200008392 -0.0400000028312
-0.0120000001043 -1.01600003242 -0.01600000076
-0.0120000001043 -1.01600003242 -0.01600000076
-0.0 -1.00400006771 0.01600000076
-0.0 -1.00400006771 0.01600000076
0.00400000018999 -1.01600003242 0.0
0.00400000018999 -1.01600003242 0.0
-0.0120000001043 -1.02000010014 -0.0440000034869
-0.0120000001043 -1.02000010014 -0.0440000034869
0.00400000018999 -1.03200006485 -0.0640000030398
0.00400000018999 -1.03200006485 -0.0640000030398
-0.00800000037998 -1.02400004864 -0.0440000034869
-0.00800000037998 -1.02400004864 -0.0440000034869
0.00800000037998 -1.02000010014 -0.0240000002086
0.00800000037998 -1.02000010014 -0.0240000002086
0.0120000001043 -1.02799999714 -0.0200000014156
0.0120000001043 -1.02799999714 -0.0200000014156
-0.0 -1.04000008106 -0.0320000015199
-0.0 -1.04000008106 -0.0320000015199
-0.0120000001043 -1.04000008106 0.01600000076
-0.0120000001043 -1.04000008106 0.01600000076
-0.0 -1.03600001335 0.0280000008643
-0.0 -1.03600001335 0.0280000008643
0.0120000001043 -1.01600003242 0.0240000002086
0.0120000001043 -1.01600003242 0.0240000002086
-0.00400000018999 -1.00400006771 0.0360000021756
-0.00400000018999 -1.00400006771 0.0360000021756
-0.00800000037998 -0.98400002718 0.0440000034869
-0.00800000037998 -0.98400002718 0.0440000034869
-0.00400000018999 -1.01200008392 0.0600000023842
-0.00400000018999 -1.01200008392 0.0600000023842
-0.00400000018999 -1.01200008392 0.0880000069737
-0.00400000018999 -1.01200008392 0.0880000069737
-0.01600000076 -1.00400006771 0.0880000069737
-0.01600000076 -1.00400006771 0.0880000069737
-0.01600000076 -1.01600003242 0.0800000056624
-0.01600000076 -1.01600003242 0.0800000056624
-0.0560000017285 -0.980000019073 0.232000008225
-0.0560000017285 -0.980000019073 0.232000008225
0.0440000034869 -1.04800009727 0.180000007153
0.0440000034869 -1.04800009727 0.180000007153
0.01600000076 -1.04000008106 0.120000004768
0.01600000076 -1.04000008106 0.120000004768
0.00400000018999 -1.02400004864 0.144000008702
0.00400000018999 -1.02400004864 0.144000008702
-0.0 -1.01600003242 0.184000015259
-0.0 -1.01600003242 0.184000015259
-0.0 -1.00400006771 0.263999998569
-0.0 -1.00400006771 0.263999998569
-0.0 -1.01600003242 0.256000012159
-0.0 -1.01600003242 0.256000012159
0.0120000001043 -0.988000035286 0.256000012159
0.0120000001043 -0.988000035286 0.256000012159
-0.0 -0.976000070572 0.260000020266
-0.0 -0.976000070572 0.260000020266
-0.0 -1.00400006771 0.248000010848
-0.0 -1.00400006771 0.248000010848
0.00800000037998 -0.928000032902 0.276000022888
0.00800000037998 -0.928000032902 0.272000014782
-0.0 -1.00400006771 0.272000014782
0.00400000018999 -0.988000035286 0.312000006437
0.00400000018999 -0.988000035286 0.312000006437
-0.0120000001043 -0.98400002718 0.340000003576
-0.00400000018999 -0.98400002718 0.340000003576
-0.00800000037998 -0.98400002718 0.380000025034
-0.00800000037998 -0.98400002718 0.380000025034
0.0120000001043 -0.94000005722 0.416000008583
0.0120000001043 -0.94000005722 0.416000008583
0.00800000037998 -0.936000049114 0.456000030041
0.00800000037998 -0.936000049114 0.456000030041
0.0120000001043 -0.920000016689 0.472000032663
0.0120000001043 -0.920000016689 0.472000032663
0.00800000037998 -0.908000051975 0.504000008106
0.00800000037998 -0.908000051975 0.504000008106
0.0120000001043 -0.912000060081 0.5
0.0120000001043 -0.912000060081 0.5
0.0120000001043 -0.884000062943 0.532000005245
0.0120000001043 -0.884000062943 0.532000005245
-0.0 -0.856000065804 0.540000021458
-0.0 -0.856000065804 0.540000021458
0.0120000001043 -0.920000016689 0.587999999523
0.0120000001043 -0.920000016689 0.587999999523
0.01600000076 -0.784000039101 0.632000029087
0.01600000076 -0.784000039101 0.632000029087
-0.0120000001043 -0.756000041962 0.788000047207
-0.0120000001043 -0.756000041962 0.788000047207
0.00800000037998 -0.736000061035 0.732000052929
0.00800000037998 -0.736000061035 0.732000052929
-0.01600000076 -0.692000031471 0.788000047207
-0.01600000076 -0.692000031471 0.788000047207
0.0280000008643 -0.696000039577 0.736000061035
0.0280000008643 -0.696000039577 0.736000061035
-0.0240000002086 -0.700000047684 0.768000006676
-0.0240000002086 -0.700000047684 0.768000006676
0.0120000001043 -0.70400005579 0.756000041962
0.0120000001043 -0.70400005579 0.756000041962
0.00400000018999 -0.624000012875 0.776000022888
0.00400000018999 -0.624000012875 0.776000022888
-0.00400000018999 -0.648000001907 0.81200003624
-0.00400000018999 -0.648000001907 0.81200003624
0.0120000001043 -0.620000004768 0.824000060558
0.0120000001043 -0.620000004768 0.824000060558
0.00800000037998 -0.592000007629 0.832000017166
0.00800000037998 -0.592000007629 0.832000017166
0.00800000037998 -0.604000031948 0.848000049591
0.00800000037998 -0.604000031948 0.848000049591
0.01600000076 -0.552000045776 0.880000054836
0.01600000076 -0.552000045776 0.880000054836
0.0120000001043 -0.552000045776 0.880000054836
0.0120000001043 -0.552000045776 0.880000054836
0.00400000018999 -0.532000005245 0.87600004673
0.00400000018999 -0.532000005245 0.87600004673
0.01600000076 -0.512000024319 0.908000051975
0.01600000076 -0.512000024319 0.908000051975
0.0120000001043 -0.524000048637 0.89200001955
0.0120000001043 -0.524000048637 0.89200001955
0.00400000018999 -0.527999997139 0.884000062943
0.00400000018999 -0.527999997139 0.884000062943
0.00800000037998 -0.527999997139 0.868000030518
0.00800000037998 -0.527999997139 0.868000030518
0.00400000018999 -0.556000053883 0.864000022411
0.00400000018999 -0.556000053883 0.864000022411
0.00800000037998 -0.584000051022 0.848000049591
0.00800000037998 -0.584000051022 0.848000049591
0.0200000014156 -0.587999999523 0.856000065804
0.0200000014156 -0.587999999523 0.856000065804
0.01600000076 -0.612000048161 0.852000057697
0.01600000076 -0.612000048161 0.852000057697
-0.01600000076 -0.600000023842 0.840000033379
-0.01600000076 -0.600000023842 0.856000065804
0.0120000001043 -0.628000020981 0.856000065804
-0.0200000014156 -0.664000034332 0.800000011921
-0.0240000002086 -0.664000034332 0.800000011921
0.00800000037998 -0.800000011921 0.65600001812
0.00800000037998 -0.800000011921 0.65600001812
0.0400000028312 -0.724000036716 0.768000006676
0.0400000028312 -0.724000036716 0.768000006676
0.0120000001043 -0.756000041962 0.728000044823
0.0120000001043 -0.756000041962 0.728000044823
0.0240000002086 -0.764000058174 0.680000007153
0.0240000002086 -0.764000058174 0.680000007153
0.0280000008643 -0.760000050068 0.684000015259
0.0280000008643 -0.760000050068 0.684000015259
0.0520000010729 -0.740000009537 0.680000007153
0.0520000010729 -0.740000009537 0.680000007153
-0.0 -0.832000017166 0.624000012875
-0.0 -0.832000017166 0.624000012875
-0.00400000018999 -0.908000051975 0.596000015736
-0.00400000018999 -0.908000051975 0.596000015736
0.00800000037998 -0.836000025272 0.527999997139
0.00800000037998 -0.836000025272 0.527999997139
0.01600000076 -0.928000032902 0.536000013351
0.01600000076 -0.928000032902 0.536000013351
0.0640000030398 -0.960000038147 0.496000021696
0.0640000030398 -0.960000038147 0.496000021696
-0.0 -0.884000062943 0.552000045776
-0.0 -0.884000062943 0.552000045776
0.0640000030398 -0.924000024796 0.552000045776
0.0640000030398 -0.924000024796 0.552000045776
0.00800000037998 -0.936000049114 0.5
0.00800000037998 -0.936000049114 0.5
0.0400000028312 -0.952000021935 0.436000019312
0.0400000028312 -0.952000021935 0.436000019312
-0.0 -0.964000046253 0.376000016928
-0.0 -0.964000046253 0.376000016928
-0.0400000028312 -1.03600001335 0.288000017405
-0.0400000028312 -1.03600001335 0.288000017405
-0.0320000015199 -1.05599999428 0.296000003815
-0.0320000015199 -1.05599999428 0.296000003815
-0.00400000018999 -1.01600003242 0.312000006437
-0.00400000018999 -1.01600003242 0.312000006437
-0.0 -1.00400006771 0.288000017405
-0.0 -1.00400006771 0.288000017405
0.0200000014156 -1.10400009155 0.248000010848
0.0200000014156 -1.10400009155 0.248000010848
0.0400000028312 -1.19600009918 0.208000004292
0.0400000028312 -1.19600009918 0.208000004292
-0.0200000014156 -1.0680000782 -0.0280000008643
-0.0200000014156 -1.0680000782 -0.0280000008643
-0.0 -1.05200004578 0.00800000037998
-0.0 -1.05200004578 0.00800000037998
-0.00800000037998 -1.15600001812 0.0280000008643
-0.00800000037998 -1.15600001812 0.0280000008643
-0.00400000018999 -1.17200005054 0.0640000030398
-0.00400000018999 -1.17200005054 0.0640000030398
-0.0 -1.04400002956 0.16400000453
-0.0 -1.04400002956 0.16400000453
-0.00800000037998 -1.02000010014 0.236000016332
-0.00800000037998 -1.02000010014 0.236000016332
-0.00400000018999 -1.0680000782 0.252000004053
-0.00400000018999 -1.0680000782 0.252000004053
-0.0200000014156 -1.01600003242 0.204000011086
-0.0200000014156 -1.01600003242 0.204000011086
-0.0 -1.01600003242 0.356000006199
-0.0 -1.01600003242 0.356000006199
0.01600000076 -0.996000051498 0.344000011683
0.01600000076 -0.996000051498 0.344000011683
0.0200000014156 -0.94000005722 0.40000000596
0.0200000014156 -0.94000005722 0.40000000596
-0.0 -0.87600004673 0.488000035286
-0.0 -0.81200003624 0.54800003767
-0.0120000001043 -0.816000044346 0.54800003767
0.00400000018999 -0.728000044823 0.584000051022
0.00400000018999 -0.728000044823 0.584000051022
0.0360000021756 -0.648000001907 0.728000044823
0.0360000021756 -0.648000001907 0.728000044823
0.0520000010729 -0.652000010014 0.792000055313
0.0520000010729 -0.652000010014 0.792000055313
-0.00400000018999 -0.644000053406 0.820000052452
-0.00400000018999 -0.644000053406 0.820000052452
0.0280000008643 -0.496000021696 0.816000044346
0.0280000008643 -0.496000021696 0.816000044346
0.108000002801 -0.452000021935 1.04800009727
0.108000002801 -0.452000021935 1.04800009727
0.0200000014156 -0.436000019312 0.828000068665
0.0200000014156 -0.436000019312 0.828000068665
0.0920000076294 -0.432000011206 0.908000051975
0.0920000076294 -0.432000011206 0.908000051975
0.108000002801 -0.520000040531 0.960000038147
0.108000002801 -0.520000040531 0.960000038147
0.0320000015199 -0.572000026703 0.700000047684
0.0320000015199 -0.572000026703 0.700000047684
0.0680000036955 -0.620000004768 0.736000061035
0.0680000036955 -0.620000004768 0.736000061035
0.0200000014156 -0.612000048161 0.820000052452
0.0200000014156 -0.612000048161 0.820000052452
-0.140000000596 -0.604000031948 0.836000025272
-0.140000000596 -0.604000031948 0.836000025272
-0.160000011325 -0.804000020027 0.616000056267
-0.160000011325 -0.804000020027 0.616000056267
0.136000007391 -0.920000016689 0.6400000453
0.136000007391 -0.920000016689 0.6400000453
0.0480000004172 -0.972000062466 0.404000014067
0.0480000004172 -0.972000062466 0.404000014067
-0.0440000034869 -1.16800010204 -0.00800000037998
-0.0440000034869 -1.16800010204 -0.00800000037998
-0.0400000028312 -1.2120000124 0.376000016928
-0.0400000028312 -1.2120000124 0.376000016928
-0.0440000034869 -1.15200006962 -0.0520000010729
-0.0440000034869 -1.15200006962 -0.0520000010729
-0.00400000018999 -1.20000004768 -0.0320000015199
-0.00400000018999 -1.20000004768 -0.0320000015199
-0.0 -1.19200003147 -0.0240000002086
-0.0 -1.19200003147 -0.0240000002086
0.00400000018999 -1.19200003147 -0.0440000034869
0.00400000018999 -1.19200003147 -0.0440000034869
-0.0320000015199 -1.16800010204 -0.0240000002086
-0.0320000015199 -1.16800010204 -0.0240000002086
-0.0320000015199 -1.13600003719 0.0280000008643
-0.0320000015199 -1.13600003719 0.0280000008643
0.00800000037998 -1.10000002384 0.124000005424
0.00800000037998 -1.10000002384 0.124000005424
0.0440000034869 -1.03600001335 0.196000009775
0.0440000034869 -1.03600001335 0.196000009775
0.0440000034869 -0.976000070572 0.300000011921
0.0440000034869 -0.976000070572 0.300000011921
-0.00400000018999 -0.920000016689 0.336000025272
-0.00400000018999 -0.920000016689 0.336000025272
-0.00400000018999 -0.87600004673 0.420000016689
-0.00400000018999 -0.87600004673 0.420000016689
0.01600000076 -0.864000022411 0.468000024557
0.01600000076 -0.864000022411 0.468000024557
0.0240000002086 -0.824000060558 0.460000008345
0.0240000002086 -0.824000060558 0.460000008345
0.0240000002086 -0.81200003624 0.48400002718
0.0240000002086 -0.81200003624 0.48400002718
-0.0200000014156 -0.824000060558 0.620000004768
-0.0200000014156 -0.824000060558 0.556000053883
-0.0 -0.772000014782 0.552000045776
0.0320000015199 -0.768000006676 0.612000048161
0.0240000002086 -0.768000006676 0.612000048161
0.00400000018999 -0.792000055313 0.556000053883
0.00400000018999 -0.792000055313 0.556000053883
0.0360000021756 -0.832000017166 0.556000053883
0.0360000021756 -0.832000017166 0.556000053883
-0.01600000076 -0.848000049591 0.532000005245
-0.01600000076 -0.848000049591 0.532000005245
-0.00800000037998 -0.896000027657 0.468000024557
-0.00800000037998 -0.896000027657 0.468000024557
0.0400000028312 -0.992000043392 0.524000048637
0.0400000028312 -0.992000043392 0.524000048637
-0.0 -0.964000046253 0.252000004053
-0.0 -0.964000046253 0.252000004053
-0.0200000014156 -1.03200006485 0.204000011086
-0.0200000014156 -1.03200006485 0.204000011086
0.0200000014156 -1.05599999428 0.176000013947
0.0200000014156 -1.05599999428 0.176000013947
0.01600000076 -1.01200008392 0.104000002146
0.01600000076 -1.01200008392 0.104000002146
0.00800000037998 -0.988000035286 0.0840000063181
0.00800000037998 -0.988000035286 0.0840000063181
0.00800000037998 -1.03600001335 0.00800000037998
0.00800000037998 -1.03600001335 0.00800000037998
0.0280000008643 -1.03600001335 -0.01600000076
0.0280000008643 -1.03600001335 -0.01600000076
0.00800000037998 -1.04400002956 -0.0280000008643
0.00800000037998 -1.04400002956 -0.0280000008643
-0.0 -1.12000000477 -0.0280000008643
-0.0 -1.12000000477 -0.0280000008643
0.0120000001043 -1.14800000191 -0.0680000036955
0.0120000001043 -1.14800000191 -0.0680000036955
0.0320000015199 -1.07600009441 -0.104000002146
0.0320000015199 -1.07600009441 -0.104000002146
-0.00400000018999 -1.00800001621 -0.0280000008643
-0.00400000018999 -1.00800001621 -0.0280000008643
-0.0 -0.968000054359 -0.00400000018999
-0.0 -0.968000054359 -0.00400000018999
-0.00800000037998 -0.948000073433 -0.0200000014156
-0.00800000037998 -0.948000073433 -0.0200000014156
-0.00800000037998 -0.976000070572 -0.0440000034869
-0.00800000037998 -0.976000070572 -0.0440000034869
0.0240000002086 -1.03600001335 0.152000010014
0.0240000002086 -1.03600001335 0.152000010014
-0.0480000004172 -1.03600001335 0.0680000036955
-0.0480000004172 -1.03600001335 0.0680000036955
0.0120000001043 -1.02799999714 0.0
0.0120000001043 -1.02799999714 0.0
0.00400000018999 -1.0680000782 -0.0600000023842
0.00400000018999 -1.0680000782 -0.0600000023842
-0.00800000037998 -1.02400004864 -0.0320000015199
-0.00800000037998 -1.02400004864 -0.0320000015199
-0.01600000076 -0.988000035286 -0.0360000021756
-0.01600000076 -0.988000035286 -0.0360000021756
-0.00800000037998 -1.01200008392 -0.0120000001043
-0.00800000037998 -1.01200008392 -0.0120000001043
0.00400000018999 -1.01200008392 -0.0120000001043
0.00400000018999 -1.01200008392 -0.0120000001043
-0.00800000037998 -1.03200006485 -0.0200000014156
-0.00800000037998 -1.03200006485 -0.0200000014156
0.0120000001043 -1.02000010014 -0.0200000014156
0.0120000001043 -1.02000010014 -0.0200000014156
0.00400000018999 -1.02000010014 -0.0200000014156
0.00400000018999 -1.02000010014 -0.0200000014156
0.00400000018999 -1.01200008392 -0.0200000014156
0.00400000018999 -1.01200008392 -0.0200000014156
0.00800000037998 -1.00800001621 -0.0280000008643
0.00800000037998 -1.00800001621 -0.0280000008643
-0.00400000018999 -1.01600003242 -0.0240000002086
-0.00400000018999 -1.01600003242 -0.0240000002086
0.00400000018999 -1.00800001621 -0.01600000076
-0.0120000001043 -1.00800001621 -0.0240000002086
-0.0 -1.00800001621 -0.0240000002086
-0.00400000018999 -1.01200008392 -0.0120000001043
-0.00400000018999 -1.01200008392 -0.0120000001043
0.00400000018999 -1.01200008392 -0.0120000001043
0.00400000018999 -1.01200008392 -0.0120000001043
-0.00800000037998 -1.01600003242 -0.01600000076
-0.00800000037998 -1.01600003242 -0.01600000076
-0.0 -1.01200008392 -0.00400000018999
-0.0 -1.01200008392 -0.00400000018999
-0.0 -1.01600003242 -0.01600000076
-0.0 -1.01600003242 -0.01600000076
0.00800000037998 -1.01600003242 -0.0320000015199
0.00800000037998 -1.01600003242 -0.0320000015199
-0.0 -1.01600003242 -0.0120000001043
-0.0 -1.01600003242 -0.0120000001043
-0.00400000018999 -1.02400004864 0.00800000037998
-0.00400000018999 -1.02400004864 0.00800000037998
0.00800000037998 -1.01200008392 -0.0200000014156
0.00800000037998 -1.01200008392 -0.0200000014156
0.00400000018999 -1.01200008392 -0.0320000015199
0.00400000018999 -1.01200008392 -0.0320000015199
0.00400000018999 -1.01600003242 -0.0120000001043
0.00400000018999 -1.01600003242 -0.0120000001043
0.00400000018999 -1.01600003242 -0.0240000002086
0.00400000018999 -1.01600003242 -0.0240000002086
0.00400000018999 -1.02000010014 -0.01600000076
0.00400000018999 -1.02000010014 -0.01600000076
-0.0 -1.01600003242 -0.00400000018999
-0.0 -1.01600003242 -0.00400000018999
-0.0 -1.01200008392 -0.0120000001043
-0.0 -1.01200008392 -0.0120000001043
-0.0 -1.01200008392 -0.00400000018999
-0.0 -1.01200008392 -0.00400000018999
-0.00800000037998 -1.0 -0.0120000001043
-0.00800000037998 -1.0 -0.0120000001043
0.00400000018999 -1.01200008392 0.0
0.00400000018999 -1.01200008392 0.0
-0.0 -1.01600003242 -0.01600000076
-0.0 -1.01600003242 -0.01600000076
0.00400000018999 -1.01200008392 -0.0200000014156
0.00400000018999 -1.01200008392 -0.0200000014156
0.00400000018999 -1.00400006771 -0.01600000076
0.00400000018999 -1.00400006771 -0.01600000076
0.00400000018999 -1.00400006771 -0.0240000002086
0.00400000018999 -1.00400006771 -0.0240000002086
-0.00400000018999 -1.01600003242 -0.0200000014156
-0.00400000018999 -1.01600003242 -0.0200000014156
-0.0 -1.01200008392 -0.0240000002086
-0.0 -1.01200008392 -0.0240000002086
-0.0 -1.01600003242 -0.0240000002086
-0.0 -1.01600003242 -0.0240000002086
-0.0 -1.01200008392 -0.01600000076
-0.0 -1.01200008392 -0.01600000076
0.00400000018999 -1.00400006771 -0.0120000001043
0.00400000018999 -1.00400006771 -0.0120000001043
0.00400000018999 -1.01600003242 -0.0240000002086
