0.209999517975 0.122499716596 -1.99499540742
0.239841558532 0.0342630769316 -1.90160089977
0.234792246273 -0.0178528671209 -2.221329418
0.452559271997 0.0510491413684 -2.07177530533
0.39163708859 0.152763653749 -1.99389596298
0.229208232839 0.303731425512 -2.02044548653
0.0188043372612 0.263073992459 -1.8579887498
0.0355399924852 0.206140977045 -1.64755794374
-0.222181291956 0.287458858032 -1.68139867718
-0.0461884125935 0.16148633187 -1.57747460377
-0.182268334442 0.209481238563 -1.78410612599
-0.33261494731 0.205071107787 -1.83220377876
0.0684128556973 0.0637015102807 -1.63944711307
0.0327095126831 -0.00616573208176 -1.60493243363
0.220467825616 -0.0231674655739 -1.55401285211
0.335747168689 0.165767209623 -1.5212968561
0.431468017325 0.0252250502472 -1.50640110213
0.131148330026 0.0760886163434 -1.69739750412
0.00846654329146 -0.0111709450332 -1.66166289172
0.299524465708 0.126116546767 -1.52389114798
0.00198252113661 0.0549353098154 -1.57746691982
0.0533354017746 0.00238415733196 -1.35581008378
-0.033445150351 0.225043961617 -1.37866138871
-0.306845664326 0.237437737771 -1.29824228915
-0.0605442093591 0.14678135584 -1.15099026501
0.266229639198 0.0922966040023 -1.10962726973
0.243493273279 0.0218273592455 -1.27471351642
0.255498636693 0.00423630153457 -1.17935127855
0.0788043238894 -0.115773650178 -1.17165442041
0.111408362423 -0.11333631888 -1.09559339823
0.0234052293057 -0.128081835724 -1.02113383823
0.0914386435354 0.131587715602 -0.896846990808
0.312223625309 0.128817440041 -0.963623779901
0.305650490738 0.0747108823642 -1.09752068101
0.264952663614 0.141664182076 -1.02302035341
0.242243191502 0.155813299401 -1.18993014962
0.100091012227 0.0668753330177 -1.13061585836
-0.0562000124323 0.151125119211 -1.02115571613
-0.174937624274 0.319258943826 -1.01678920775
0.119981437073 0.106959218285 -0.858330897093
0.168850112349 0.12183900406 -0.891655205405
0.0967692201914 -0.000646818735878 -0.804357481103
-0.00805725650172 -0.0691593589433 -0.78742366748
-0.127808402013 -0.0334402878546 -0.873635394244
0.217513082018 0.0700529510364 -0.820979988238
-0.0269076874269 0.171367378017 -0.735170174478
-0.129130440732 0.219154271252 -0.78821884905
-0.0921488281359 0.0946197233314 -0.6688356391
0.0639749973524 0.0926277273305 -0.689017947129
-0.228608004689 0.124940743123 -0.725906752078
0.0845724985365 0.0366527237485 -0.744887589953
0.356896639915 0.104407248133 -0.746337294214
0.126673032461 0.10220919968 -0.747756476139
0.0554800761588 -0.105521046611 -0.64635647189
-0.322581769726 0.153673520864 -0.564222998854
-0.127343656751 0.133306758138 -0.586607717575
0.183704965325 -0.16073585325 -0.608520940902
0.162705944672 -0.0202996349297 -0.595709990576
0.10788595406 -0.122661506323 -0.54890580185
-0.0143061112577 -0.0858160836453 -0.60587584961
-0.0482680068997 0.0359113431323 -0.71304137381
0.141195101255 0.189339177864 -0.578109167852
-0.135882066938 0.185353091453 -0.617333144985
-0.133021384964 0.0615301355222 -0.467284485083
-0.0616947800487 0.0431032220259 -0.54310442349
0.025261749088 0.00793271256231 -0.463144653075
-0.180848552209 0.179081111492 -0.573314919874
-0.0742519734323 0.0382586548815 -0.578376718543
0.269941998414 -0.20238833048 -0.360621939107
-0.0783717684872 -0.112469834037 -0.30163528271
0.21451432916 -0.0929705099778 -0.398074340067
0.107209013193 -0.159539399004 -0.526746051959
0.293398894244 -0.0533914305391 -0.429998889759
0.184432859017 -0.0522674001416 -0.523735546401
0.197681580756 -0.0340354934262 -0.529841080911
-0.0463216810119 0.137996445769 -0.518686554307
0.0745742855703 0.015170475012 -0.524898383388
0.0216096941655 -0.00228044408679 -0.565242508926
-0.098766025328 0.151951396745 -0.51907960943
0.0403655765506 0.097357822373 -0.302573257589
-0.148931152854 0.0953081834455 -0.210545531626
-0.214321923715 -0.0266190859289 -0.274639236588
0.0985578317771 0.0938620943735 -0.457304214662
0.0279567660116 0.0747544980893 -0.293492969208
-0.0754210269441 0.073180716795 -0.458629481705
-0.210885532845 0.157297768177 -0.448974071396
0.136184955771 0.051197003946 -0.319601092815
0.0647917366569 0.135776852923 -0.227215102923
-0.107887688284 0.0986553151573 -0.205300065331
-0.0542217501488 0.0965783555371 -0.046793943466
-0.0702117792437 0.0431505129712 -0.302781791315
0.0340555970805 0.0422420865956 -0.210749903214
0.101864802871 0.041352776701 -0.429023028763
-0.208647437166 0.023350654621 -0.282938644074
-0.324175601314 -0.0114040146884 -0.259850524235
0.128069135871 -0.0282954732333 -0.185853921907
0.0397152560169 -0.0790943994775 -0.353256557806
0.0388791467681 -0.0602977228158 -0.311556429445
-0.133254758109 0.0266293912195 -0.356392034189
-0.130449397869 0.128857994195 -0.246099678044
-0.127703094616 0.16040829842 -0.223786996306
0.029169248486 0.0713735756964 -0.270470376343
0.0628182368184 -0.101444427055 -0.281907714807
0.0957588214645 -0.184966452958 -0.121789031738
0.0594797695548 0.212952980915 -0.102093586993
-0.0959562828389 0.17420668902 -0.305522611753
-0.196725396529 0.102013025633 -0.316222078068
-0.26110994414 0.0656023061271 0.0844606411102
-0.0500344304276 -0.0899626457754 -0.27707984957
-0.0489810763145 0.357351353359 -0.18558882581
0.243286287015 -0.0441972636941 -0.130287261297
0.118243691602 -0.128924495002 -0.161807443392
0.0472281797312 -0.0919472112949 -0.363979289398
0.0119708256826 -0.107143019313 -0.37344804388
0.0631134216962 -0.0534927625617 -0.262796676755
-0.0410045112389 0.0161595627981 -0.120211902058
-0.0230097195889 -0.0698383275179 -0.340391072815
-0.228103772489 0.154341970705 -0.144777900623
-0.0691177375754 -0.191538120108 -0.313045407202
-0.101925700802 -0.0675849706707 -0.169402595988
0.140061639349 0.156547889865 -0.200099315326
-0.102728566317 -0.0351947885949 -0.110229177043
0.276327996911 -0.240032323135 -0.38201308107
0.270510556972 -0.0807951526244 -0.202655294203
-0.02642055734 -0.0105680521817 -0.0613366628622
-0.111522027444 0.280890605968 -0.231360591168
-0.126305737229 -0.10191676288 -0.175095118463
-0.106515123625 -0.0141134456788 -0.137145822402
-0.104272699057 0.0375782922579 -0.0314693826815
-0.016419789729 0.242365627693 -0.304911524695
0.0695835834019 0.03168473324 -0.161439894696
0.068118664663 0.150938476724 -0.123778106239
0.0838161235557 -0.126343810108 -0.0526463346822
-0.140658425732 -0.226473175359 -0.171458691563
-0.0691710449428 -0.153179160398 -0.202112081991
0.000811343200824 -0.184217428417 -0.0950676866439
0.069320421631 -0.231733796101 -0.230118566861
0.11925567781 0.0986440560437 0.0488306157365
-0.105964987858 0.182225045551 -0.0207235992547
0.153238937754 -0.0100581904246 0.0139758150208
-0.00417099467346 0.058679712148 -0.00344987779378
0.184363743534 0.24589127772 -0.0719031542426
0.0434300965061 0.103662325698 -0.224573319996
-0.0774049988256 0.0158222562956 -0.185582422523
0.00988228011427 0.0154891519503 -0.284464760898
0.335173460821 0.0665576899434 0.0298916126727
0.00261794402199 0.167945701369 0.0977884434488
-0.185884097399 0.232936146707 -0.0584539028868
-0.1648392132 0.0909799347063 -0.0229604809771
0.0784726202633 0.0376699393084 -0.0738715247811
0.0082944182578 -0.0145177198951 -0.0894479482023
0.0595144140075 -0.0484751532462 0.0494873795781
0.298103015952 -0.133112324985 -0.00294914072119
-0.136461297642 0.0238738965807 -0.225596992204
0.071990032178 0.00623975008174 -0.169452968515
0.224658323635 -0.0452862227531 -0.0459647177512
0.03148172902 -0.267042856695 -0.113523241511
-0.123364894101 -0.141500111177 -0.179659381702
0.0162845736439 -0.035731917684 -0.347192644663
0.0673363496983 -0.000716594557973 -0.185699389239
-0.24244895047 0.0335615634494 -0.0447374210046
-0.340134007508 0.187038863576 0.110388192013
-0.00747405042384 0.165969646885 0.0224063831764
0.0269463806249 0.00829169686067 0.0219346743399
0.214826022513 -0.0775405617553 -0.235500103012
0.0732510529047 0.0782757191766 -0.127752840155
-0.0139487678017 0.179417057296 0.0633835803925
0.311844150491 0.26129756046 0.0620491353039
0.0825689832884 0.0844811583101 -0.0249147642834
-0.0904847004588 0.0998341336824 -0.161442669454
0.0142094816492 0.0292062074603 -0.0209914701098
-0.00322120039346 0.0285913451305 0.0993711226445
0.0825043034159 0.0279894227772 0.337120807232
-0.0391534009004 0.0445317287379 0.0730504098969
0.0987232033437 0.112120374629 -0.0826711357323
-0.0232759629418 0.109759949481 -0.20085148815
0.0114771388962 -0.0467346330167 -0.00817614420395
-0.125816806217 -0.0971453599639 0.0433905962271
-0.191694173558 -0.0608371130658 -0.145969765846
0.000788418098009 0.0432329019354 0.0112870746528
-0.136280498155 -0.0604664961287 -0.00608205578999
-0.219069134211 0.146384938991 -0.0230853450808
-0.197325611339 0.0233823775739 -0.0739940410128
-0.295960636079 0.0228901115169 -0.346540790009
-0.0670198605498 -0.0803810200135 -0.287850819261
-0.134135076721 -0.130083409975 -0.281790748091
0.022872682569 -0.144476345808 -0.190200473376
-0.0975296239072 0.0641437173046 -0.186196284339
0.144365168731 0.0285302470968 0.0746966950806
0.0385366776151 -0.126254244126 0.19304502707
-0.133590023563 0.0134560548486 -0.067992026315
-0.18217221843 0.0816989299465 -0.169349875589
-0.126942397416 0.0285843281948 -0.302837073029
-0.158532988992 -0.0748066782113 -0.039488219459
-0.0181431478143 -0.00470564248876 -0.175709193722
-0.0348927301883 -0.158790427824 -0.120615309163
0.205683408802 -0.0355266923237 -0.169470684277
0.0814324531404 0.119405087849 -0.0802451435895
0.0968496214685 -0.00302947529736 -0.318397274789
0.129073771639 0.0141658459138 -0.054721213234
-0.0449589714127 0.236577616195 -0.0535692618356
0.2300921533 0.0260185709649 0.11887382844
-0.0659880575007 -0.180107651839 -0.243391087485
0.055321941641 0.200577947717 -0.34105616093
-0.237078886875 0.0935660090334 0.111543771941
-0.095035443424 0.023070043892 0.0749323360559
-0.0416400808662 0.159636688952 -0.183618320842
0.233341181314 0.0020920473661 -0.0427003218483
0.142771030319 -0.066478142438 0.0781192521816
0.0712391733625 -0.133604764465 0.0250801825405
0.10400247366 -0.0451343314405 0.178736027663
0.0332867957202 0.00721047510734 0.0721838316724
-0.053071676381 -0.11286210209 0.0877956866171
-0.0519543761054 -0.0590914301859 0.000289855475094
0.188980940616 -0.0921104817827 -0.102505531814
0.21926547501 -0.0730397711018 0.00244178691832
0.16325473308 -0.0201074696076 0.105179544621
0.0912916413996 0.0145789246502 -0.136876244004
-0.0476825930217 -0.311227247113 -0.04833692228
-0.0980733697266 -0.13335969198 -0.0987139319171
-0.0617455928021 -0.0106313380052 0.160337248611
-0.00905106671231 0.0752501658927 0.225487922875
-0.0259920573531 0.244981343904 0.186477602097
-0.0254448564265 0.205560785848 0.0626309806832
0.146406216581 0.0299177861099 0.0613123303702
0.00627166646724 -0.176290518834 -0.128425398772
-0.182307301113 -0.206842217054 -0.108590148919
-0.127074638641 -0.0825668755397 -0.140567098846
-0.295714776525 -0.0808286231411 -0.103344789345
-0.238094581654 0.0579253515347 -0.0497744602953
-0.147424365954 0.108100470857 0.0369311733679
-0.178583776166 0.260008552031 -0.0495040281252
-0.226218724727 0.220271591538 0.0543271976177
-0.0330093032588 -0.109864930043 0.0360522154545
0.00194870711022 -0.176078143136 0.0181616439767
0.121828451976 0.0332072215344 -0.0850100431668
0.0164744111043 -0.0702811148398 0.105226502062
0.0161275797117 -0.0688015152305 0.137274315036
-0.087001178726 -0.15301075394 0.11725272952
-0.0509065014721 -0.201184085568 -0.210714898577
-0.204018634126 0.0257613722554 -0.32619946701
-0.199723495718 0.145139819761 -0.113753759856
-0.109861101411 0.107821140786 0.00856183554673
-0.210337464807 0.139814325714 -0.0601445841962
0.136721471212 0.171133938172 -0.127404501322
0.476473896153 -0.157968125664 -0.193248438166
0.295127488351 -0.274563250911 -0.0692592368862
0.203256589568 -0.200256809515 -0.0335380713889
0.0790567201334 -0.0589885707124 0.0356942716903
0.180181596468 -0.0577467064871 0.0863372311964
0.00507291104016 0.0119951715148 0.0502566278345
-0.217743893848 0.011742641869 -0.0021961141261
-0.00758134550789 0.114284659081 -0.0364129339765
-0.384315596488 0.0776155936091 0.187063502892
-0.479013973533 0.315823126584 -0.0224531271742
-0.349008723684 0.0693326745882 -0.00484878264191
-0.290266539463 -0.0520477206941 -0.0561412489305
-0.0443141103485 -0.20513584769 0.167750547846
-0.317485820192 0.107550495173 0.0956928609345
-0.190881116144 0.0710231958155 0.0765468182456
-0.032678720208 0.0010018209899 -0.0278538731877
-0.0319907470105 -0.0846769588319 0.0241271599365
0.139998126742 -0.0828942836272 0.0921452262868
0.102787730024 0.0730347085027 0.124468380618
0.0663606954754 -0.0998182388555 -0.0665988844255
0.150621313896 -0.166242960535 0.106118479993
0.0960557272258 -0.0770854214249 0.103884373028
0.231085810099 0.0444581976546 -0.172407231866
0.00351084576069 -0.179187766247 0.00253783622892
0.209015386067 0.184346934904 0.019616043982
0.273141240868 0.0776766916428 -0.0321916734972
0.147470122778 0.00751524490594 0.139801265676
0.127233933754 0.00735703034709 -0.0173255880886
0.193081472448 -0.146981698694 0.000170754329952
0.0519643045359 -0.0239665708252 0.154350815246
-0.0861819914981 0.0450641354027 0.0654435179405
-0.118630716963 -0.0244107321858 -0.0215918850225
0.00378754448126 -0.0581599052852 0.133046437826
-0.0305552700534 0.0972483661794 0.284429329374
0.107140311256 0.0438064097009 0.192783559502
0.0877531914672 -0.179825827154 0.120198668598
0.0345111442865 -0.0218561673686 0.0320104604645
0.0680476682143 0.0642616578539 -0.0885841447356
-0.0875687634507 -0.0912750795636 -0.155245354492
0.0341955622704 -0.0208273458503 -0.203371608617
0.187659488864 -0.00325733894657 0.057882943096
0.0809195431517 -0.208767232001 -0.183177134342
-0.109230957903 -0.0330567442811 -0.247846921725
-0.0726682803828 0.0019022565964 -0.00278735099356
-0.00261226777454 -0.135190098356 0.168586603734
-0.0196888080049 0.0903660061892 -0.0576724883843
-0.00214276673817 -0.0828518218278 0.114857046271
-0.276202279036 0.192997055776 -0.0588763064105
-0.116203644265 0.120407789291 0.0280209989881
0.17747891561 0.169267513305 0.0102994742969
0.0366902029899 -0.0741375613612 0.0786086767798
-0.0154768389623 0.0987386245941 -0.128624541009
-0.0151510116864 -0.0746554805882 -0.00599582485337
0.00229949386672 -0.107346870634 -0.142922014499
-0.0148804527846 -0.0365607698738 -0.0713868358374
0.225274373241 0.152655865078 0.0157738581152
0.117742500963 0.0637843594812 0.0325733094246
-0.0903147465398 0.165230760883 0.134676714791
-0.139808002468 -0.0095631629499 -0.142263116228
-0.153996206527 0.0934274045422 -0.070741811356
0.0548242794804 0.0571974311622 -0.206304954563
0.0536700869313 -0.012532887572 -0.013514564887
0.121066340717 -0.0979267344458 0.0724275834784
-0.0527978124491 -0.147259734767 0.0195082553112
-0.000291663069759 -0.04137029236 0.156149712112
0.11963524601 0.165079123034 0.0158101434103
0.185642760166 0.0588145547079 -0.104443593459
-0.109501656876 -0.0452128784323 -0.0165870756116
0.0812505664285 -0.0442610297642 0.0351568224368
0.0110138743949 0.0594600194153 -0.0341094580655
0.027913550492 -0.078844084302 -0.10191749659
0.284298969115 -0.0257895867404 0.0544119344539
0.312576819968 -0.0937728018651 -0.100917303102
-0.156555307006 0.165174438634 0.123917271018
-0.0676017125992 0.0417763008 -0.0157437626645
0.0194791803845 -0.027629344584 0.0702451296987
-0.0494570673495 0.00721539763451 0.0345034736818
0.157162605453 0.0241950347826 0.0337771274508
0.0339331408796 -0.181892794977 -0.138249535703
-0.00104432280984 -0.0410111613196 -0.083944322705
0.0846353574742 0.0455099242655 0.0377437505356
-0.105593363737 -0.161026642538 0.22539592898
-0.120501890935 -0.174768150601 0.0664667632627
-0.186491155722 0.120147322237 0.08219900001
-0.0112496354319 0.169012529065 0.217520952726
0.0575133533529 -0.0572556410464 0.0758892006324
-0.286328250925 0.0124758983143 -0.0970236774935
-0.160379496967 -0.00491828499027 0.230518131993
-0.00281923402861 0.0294483317641 0.157139020011
0.254213203433 -0.125355489383 -0.000352821134264
-0.00811174447521 -0.0713218091201 -0.188792390483
0.163374421193 -0.00129414439867 -0.270475498973
0.12567187848 0.187180042722 -0.110597366067
0.174420758921 -0.0223390686178 -0.125400485817
0.016564904229 -0.176052623368 0.0485548474936
-0.0523099920078 0.0161006792347 0.0132697458664
0.0858435777604 -0.258342923584 -0.158325122275
0.169694025605 0.0554635943639 -0.035071018386
0.0119376886704 0.105690566974 0.034193554573
-0.211023643749 -0.102112970277 -0.257762625665
-0.292238725294 -0.0999632266238 -0.0638890132092
-0.0633763300036 0.107719742062 0.160166067395
-0.164831315813 0.0369257972746 0.208188801708
-0.024308879896 -0.0837723610886 -0.0531671353885
0.0275975015695 -0.0477456520621 -0.137705683162
-0.0929042759741 0.0389172196476 -0.134806701525
-0.0395537831186 0.123755601352 -0.11483719608
-0.158641844877 0.172544849184 -0.129551096692
-0.103907398182 0.357359277427 0.0958862402131
-0.050325263071 0.109994349819 0.350840704201
0.0877865285821 -0.0122420849439 0.137876010606
0.0345437810418 0.193594108962 -0.0534734259679
0.222263480818 0.069597663964 0.118967529879
0.23471578035 -0.205972170382 -0.0719838356635
0.14411668116 -0.0131889710643 -0.241783862354
0.226740352525 0.021351761746 0.157331758961
0.170572236468 -0.167544668816 0.154019551845
0.149849731108 -0.0612281871721 0.0651192981565
0.146694991501 -0.214123021601 0.200800688737
0.0236859000654 -0.175352090389 0.0937840409685
0.0917133979245 -0.0860027728227 0.211730459954
0.158308740532 0.0871231947009 0.224404486652
0.206370548238 0.153815193597 0.116890943783
-0.294788727769 0.201971583194 0.0801670234835
-0.185793410842 0.043535697387 0.1470056043
-0.318934270476 -0.00877545188153 0.0239899161438
-0.00385217766318 -0.248432262232 -0.0279095817878
-0.0209026178274 -0.140412873002 -0.181505876338
-0.191777949901 0.068121666204 0.0278937870123
-0.0678197512043 -0.0189701790692 -0.0240878864406
0.0363972726028 -0.155623121766 -0.00644917759939
0.0870256246095 -0.169478381562 -0.00631342790708
0.170851193014 -0.0973842626137 -0.0404435899351
0.0302020253683 0.161639036934 -0.090986871601
0.115223901277 -0.0130792880876 0.0137179759826
0.0442719687135 0.00432760841046 -0.00370238075919
-0.110843925982 0.00423649496721 -0.123545240022
0.199857351105 -0.0129842259505 -0.138075793172
0.0585974966061 -0.286815514414 -0.16943205111
0.228679267941 -0.109461889794 -0.0973389326752
0.189601899409 0.0984210348805 0.0246310986527
-0.174152060975 -0.0578348317295 -0.0786767650689
-0.410327243898 0.234618903948 -0.111283585031
-0.127584153553 -0.0101619770407 -0.040414561699
-0.0906350910009 0.0414465715208 0.0974885561568
-0.00306928907062 0.177626324621 -0.0416160318531
-0.277109304692 0.036834510409 0.0277862117844
-0.356933111972 0.207374436956 0.129990362206
-0.17810334285 0.271534816148 0.264306145032
-0.122959179145 0.248686766225 0.0531632934161
0.15373404527 0.106398917299 0.0177810752638
0.510259881485 0.292605847103 -0.136777206493
0.311070633376 0.183656513783 0.174469944172
0.287390209456 0.00847467079736 -0.0176500213155
0.0243668296468 -0.0430983528594 -0.0344099856862
0.0581169165486 -0.144980257844 0.0177091450023
0.0911564786753 0.0636504240536 -0.119716074173
-0.201998770485 0.0451788876485 0.328224293199
-0.0264307692493 0.0613592744707 0.201393633147
-0.162926644643 0.0429359761638 0.162890666172
-0.296548938107 0.127689767774 0.176592847379
-0.153253478552 0.0393438653493 0.0358227643236
-0.0129747744315 0.0556471019078 0.0693318074764
-0.0640962395968 -0.082576720594 -0.000653775640805
-0.0970099170958 -0.0465751778209 -0.0520346072951
0.110610859661 0.159983827168 -0.0680707867497
0.313860679087 -0.0318311950984 -0.152295573442
0.118806167037 -0.133950301859 -0.0120368996042
-0.174931194306 -0.148261835901 0.159531715059
-0.205511507216 -0.162272068591 0.0876469169071
-0.286842648344 0.0467226668734 0.0858017029291
-0.246540757822 0.165659807817 -0.0359252169216
-0.224218898039 0.0593829798641 -0.155089754608
-0.168103889247 -0.078919496351 -0.01477238397
0.0752766928447 -0.0429949531085 0.0369330943541
0.0394288423088 -0.0934844138101 0.190339424712
-0.0470589395119 -0.0401217046829 0.032148344586
-0.0974628362859 0.132038360291 -0.0884490353721
-0.0611479126267 0.0436009041968 -0.137981664848
0.128586334728 0.00841989600995 0.104764611599
0.177273877012 0.0939003273352 0.0511644005411
0.105015633804 -0.113654989149 -0.138359672245
0.102804778777 -0.162656866142 -0.0669205428946
-0.0878064588141 0.200529816341 -0.116906311673
0.3423305752 -0.112059583419 -0.131576669931
-0.178822552084 0.0787465075405 -0.128806607813
-0.312110180401 0.162746392104 0.113746502797
0.0542228773942 -0.114784475681 0.128483455244
-0.169628672053 -0.0609733430047 0.0915153562522
0.0909155483178 -0.0082950852669 0.158114881006
0.00334384335693 -0.0937781512781 0.120523101824
0.106062678011 -0.0404092523065 -0.104724270889
0.395065942257 -0.193742385086 0.000269791841325
0.0955126017248 0.0330464056401 -0.0339988946368
-0.043550501654 -0.0704385423279 -0.136072417996
-0.213949038947 -0.223139463871 -0.235996998112
-0.158050234484 -0.252704882412 -0.042581647589
-0.069065163918 -0.0246747610685 0.0782353651259
-0.0162165387156 0.0615024012837 -0.248910934644
0.0183879401545 -0.0254500924479 -0.226539129219
0.103658517076 -0.247624300767 0.0352031395488
-0.0355760743425 -0.00256962588269 -0.10259026865
0.273540592557 -0.0710416786377 0.156542660513
0.387702615344 -0.223729927007 0.0333261225768
0.208225087003 -0.184756745296 0.0154931806853
0.0496575335998 -0.0266832722147 -0.0190960970473
0.0314805750942 0.110930790577 0.06696344492
-0.140497569817 -0.0113253743154 0.0484220860021
-0.120408189497 0.108833834024 -0.0725178698304
-0.117873274767 -0.0476412651377 -0.019596620677
0.0387921154206 -0.115164444085 0.289183556806
0.0722385130786 -0.232660698628 -0.128061478606
-0.169123839544 -0.0907102629266 -0.0911023442166
0.211330534637 -0.191589799974 -0.0206582857235
0.0355660725411 -0.136161717174 -0.0030917205867
0.223264234593 0.0722833094098 -0.20860522883
-0.124066841139 0.139287708689 -0.0671610930569
-0.0871918299374 -0.309064670205 -0.100010170724
-0.0853562142203 0.00580964927299 -0.01224692743
0.0534930693859 0.0913450421482 -0.16617299128
0.0181038276277 0.0380273628055 0.0600353014251
-0.0165403849745 0.00296370819996 0.00737701393977
-0.0675867849355 0.191348235957 0.0757476879815
-0.134690054973 -0.0525216906914 0.00562699550067
-0.0461967868928 -0.034284434563 -0.0116230337969
-0.404986555384 0.154884275785 -0.131299194145
-0.242276648678 -0.0882179967595 0.248358971272
0.139717769477 -0.052097699686 0.106077925839
0.0168555601151 0.103182932917 -0.0674705852799
0.033632253074 0.118142212837 -0.014655417254
0.084318814965 -0.107055000791 -0.134267758171
0.154302403725 -0.124541845 -0.0992573575722
-0.0206949979044 -0.0370381549577 -0.0117562221743
0.0667977665293 0.137946900333 -0.099245618212
-0.00320173039779 0.067939919564 -0.0642388461427
0.224274126393 0.102929002552 0.0232586607257
0.206752410948 -0.0195686463153 -0.169223303941
0.241726873097 0.137916458038 -0.221699951508
0.311693886681 -0.037079216038 -0.0641933828023
-0.108293716734 -0.212056494003 -0.0641865526291
-0.143278557544 0.0154413540781 -0.151670399151
-0.195757833127 0.0679340765643 0.215806152367
-0.143242872557 0.207911872869 0.00580607410421
-0.160725901474 0.0504069183252 -0.0816852429197
-0.00322592948799 0.0504016089328 0.00581397149197
-0.0207237059761 0.0853925462061 -0.081677345532
-0.0732158748447 0.242866604888 -0.256649947763
0.101773002408 0.0853579817945 -0.0991397505275
0.0492679402538 0.120345223837 0.0408555347561
0.311734494195 0.137830653987 0.0933456292264
0.0842261740709 -0.0196668967559 0.0583394974857
-0.0382695104546 -0.107155412342 0.0233372077175
0.276700614875 0.0678370400802 -0.0641558168497
0.136686573296 0.120324253071 0.163326303157
0.189166515888 0.0678172299099 -0.0466682255906
0.311633428976 -0.124669190378 0.110819560139
0.171615692166 -0.0021692469995 0.0408154074885
-0.0208816604014 -0.0021690202164 -0.291653091303
0.136603597364 0.0153293232295 -0.0816449022093
0.101592976652 0.137814512367 -0.134130727821
-0.0384026521413 0.102803778263 -0.204109053879
0.154080676559 0.0852948560531 -0.0641024561216
-0.0384148317275 0.0502896314448 -0.0990919393151
-0.0909051363057 -0.0897005979097 -0.0115908039172
0.294063021866 -0.107189269724 0.128395303321
0.20654147599 0.0503050660355 0.443347822946
0.0315385581954 -0.0721870399862 0.110836849015
0.0665314698156 -0.0196850927642 0.093327059693
0.0490263495573 0.242788751586 0.180807918014
0.136511776891 0.207766945132 0.128294558266
0.188991746163 0.102756353916 -0.186685068608
0.346454932597 0.0327530817176 -0.0816767052032
0.10144480058 -0.0722390666961 -0.0291738041582
0.0139435384504 -0.142223936114 -0.081665179286
0.101432654344 -0.089714618441 -0.0291622782409
0.188912558842 -0.00221459027821 0.198316213236
0.258885148622 -0.124701180135 -0.099172620736
0.0488804946771 0.0677912298951 0.0408226645475
0.0663734620296 0.050285976235 0.0933127590178
-0.0386222248674 0.0852769268485 0.0933029406439
-0.336086142714 0.102766052229 0.0932931222699
-0.2660582979 0.120253363344 -0.221682876075
0.0839320363973 0.17273506684 -0.0641763073693
0.0139307318756 0.172716884172 0.110811449308
0.0839217311067 0.032713754861 0.0933016599864
-0.196056973368 0.172695259737 0.110789891574
0.171424113812 0.155178947065 0.215767092314
0.0139230145803 0.0851701520315 0.0757594273416
-0.108565269479 0.172651784083 -0.0467352466651
-0.00356514363659 0.0676448880983 -0.0817266508447
-0.00356477011149 -0.0548490455283 0.303240480133
-0.231039919873 0.137636007391 -0.0292557662366
-0.336004287357 0.172617779959 -0.134241504693
-0.143489639244 0.0151165473261 -0.0467367407655
-0.0209877148485 0.137601763144 0.0757549450405
0.03150884961 -0.124884460895 -0.0117434155996
0.241482934528 -0.00238449083651 0.00575591501978
0.17146505483 -0.0723767106943 0.0232535380958
-0.00353416773392 -0.142361566772 -0.0467414365095
-0.126020617518 0.0326345808807 0.163240712549
-0.1435054607 -0.107353794189 0.0232388105349
-0.230980929588 -0.282323661682 -0.169243154132
-0.143466053802 0.102664626825 -0.204221538294
-0.178447186042 0.137650054603 -0.0467168905746
-0.265918973039 0.0851412305169 -0.204195071373
-0.248392882015 0.0501360192488 0.163286816218
0.136591858004 -0.0723560734327 0.163269527342
0.241566150584 -0.0198540995303 0.0582635118089
-0.0734253690633 -0.089844485113 -0.151719917907
0.0490691848818 -0.212321830223 -0.0117188696646
0.206547078866 -0.072314545446 0.145765287536
0.0665403943974 0.295153555067 -0.291703036944
-0.0384553125099 -0.0198436408276 -0.151687261141
0.0490393228843 -0.142328376399 -0.011686212899
0.101528510222 -0.159811512037 0.0933035809726
-0.12595770522 -0.0548059834207 -0.134181740677
-0.0209557317621 0.120180966176 0.198296576488
0.0315408260263 -0.019816626959 0.0932869324254
-0.0734512023258 -0.107305129205 0.0582808006848
-0.0209491150319 -0.0547994867521 -0.0117175890072
0.329015419354 0.0851912295191 -0.0467126217163
0.0140146883112 0.0676841349138 -0.0992020758579
-0.160967945737 0.102673244582 0.0407932094256
-0.0209660704032 0.0851643357121 0.145777667224
-0.0734582192615 0.0151628911185 0.145762299335
-0.0209561319676 -0.0198349296887 0.023260368269
-0.143440747477 0.0851558646966 -0.0117382929697
-0.0209388297515 0.0851469000942 0.0582551875353
0.0840520713552 -0.0898432444761 -0.0117432021567
0.136537590143 -0.159826252938 0.0757485417531
-0.0909523138594 -0.0548207243219 -0.204229222239
0.0315440810308 -0.00232060470478 0.180750928757
0.0490388759882 -0.0373166045772 0.0407468923136
-0.108449343297 -0.0898070258819 0.0407426234554
0.119037592515 0.0676854822722 -0.0117557952885
0.0490325994326 -0.0373103480318 -0.0642488779595
-0.265938663148 -0.0198083026854 0.0407464654278
-0.0909295088183 0.0326881283713 -0.0117519533161
0.259042429368 -0.177292726689 -0.0992413493538
0.014041495407 -0.0897834671204 0.0407539359297
-0.265929858628 0.0327128077081 0.0582477170334
0.0315661323516 0.0677055992667 -0.0817432993919
0.189045853941 0.0502003589467 0.0232541784246
0.329010883692 0.0676931928974 0.16323644369
0.0315082759822 -0.0198045140737 0.0757286915622
-0.125978102358 0.190174966948 -0.0642640324063
0.014020097755 0.0676681266954 0.110723724271
-0.00347949299788 -0.10732016359 0.233198974973
0.101509573834 -0.124806981118 0.110687438976
-0.0209879282915 0.0851835722546 -0.0293091269647
-0.213465003782 0.207661424292 -0.0118078753591
-0.160948188927 0.172643339748 0.110679968474
-0.265919933532 -0.0548503662063 0.0406758158238
0.154062840736 -0.159833296554 0.233150950318
-0.020934540883 -0.107322124596 0.0406470010306
-0.0559285730785 -0.00232212548553 0.075639045539
-0.125915150039 0.0326743479633 0.0756311481513
-0.19589436989 0.295142669478 0.180611977421
-0.0733869293288 0.102632303564 -0.0643805722365
0.154096311253 0.0501271480277 0.163101761213
0.189076322917 0.260099265269 0.390560082334
0.294045146023 0.0325963745994 0.0930508645643
0.189025470143 -0.0373995271486 0.0405466828618
0.189005566592 0.0500949981891 0.0230445774846
-0.143478540213 0.172576558797 0.110532479422
-0.125965309124 -0.0199209071619 0.163015316833
-0.10845393232 0.0850699005636 0.197994341324
-0.160936863113 0.0675628192985 0.0229924974139
-0.143421817759 0.190042525621 -0.0295042137867
-0.195901066661 0.0675356987084 0.1279818644
-0.0383973894395 -0.00246387825976 0.0054816408773
-0.0908877006878 -0.0549579681146 -0.0820096761466
0.241586080816 0.0850327614968 0.00548953826506
0.224062551106 -0.0724592464005 -0.0994998287207
0.206540835661 -0.0549534991536 -0.0119986933228
0.224017221168 -0.107442066173 0.0404967372203
0.101506812416 0.13754287958 0.00549636843826
0.171488600252 0.102532172157 -0.0994929985476
-0.0910012122967 -0.0899579033406 0.0929966500645
0.223974479224 -0.0199559651603 0.180477508386
-0.143509569476 0.0500385958995 0.0229756354238
-0.0735019883988 0.0675314431903 0.0579691740326
-0.090992367756 0.137516799524 -0.239504932378
-0.038488442852 0.242491052084 -0.0120040293957
-0.0034881574461 0.0149899890192 0.0579894511093
0.0140103260717 -0.0550040584435 -0.0645033019112
0.0840013186327 -0.40496059539 0.0929864048047
0.25897364739 -0.194940586895 0.250459676416
-0.073517836535 0.0325554602611 0.0929501195096
-0.021015742571 0.0500501484971 0.127936614502
-0.230990934724 -0.0374456975186 0.0579305408655
-0.178472265584 0.0150525944935 0.0229284645402
-0.0559666659683 -0.072439569632 -0.0120701966985
-0.0559607762779 -0.0199375957296 0.0929195971731
-0.143445469901 0.102551315318 0.110408042204
-0.0734379021643 0.0150499397973 -0.0820828870656
-0.0909282881916 0.0500445856412 0.00541632734609
0.0490662233614 0.0150430829437 0.355378073634
0.189045987343 -0.00245662120073 -0.0296177654161
0.206524213794 0.0500379822511 -0.0471128271772
0.206502469298 0.172519556199 0.0403825452621
0.4514543314 -0.0899703764108 -0.152100913506
-0.00354419288071 0.0500240284207 0.0578923345842
-0.0385400560162 0.0675168757116 0.16287508484
-0.0385360006009 -0.229958217873 0.110363646078
0.101452991452 -0.142443422128 -0.0121346564581
0.136438552632 -0.0199416111244 -0.0296314257625
0.0664317252746 0.102547299924 0.162850965791
0.293900271646 -0.1249390089 0.162833890358
0.258873089098 0.120047791139 0.00533372493898
0.241347718443 0.0500426779952 0.0928235478625
0.346311018713 -0.299924911292 0.145308092817
0.101300913377 -0.00242536515424 0.110296625004
-0.231173962022 0.102563588286 -0.274673707618
-0.301142096181 0.0150622127647 -0.0646672260679
-0.00364241664098 0.0325587419459 0.180313157343
0.0313542035499 -0.0374371598021 -0.117173755642
0.0488490185176 -0.0374332244484 -0.0121726492965
-0.0561448307694 0.0150650675637 0.145311507904
-0.283614457695 0.015063480082 -0.204666139881
-0.388573302345 -0.159919274027 -0.0471614921612
-0.213551221378 0.172561791215 0.0578319302399
-0.143536276521 -0.0899281413945 -0.0821588727424
-0.0385324654527 -0.037424326547 -0.204637111645
-0.126018990016 -0.0549185078561 -0.0121361505585
-0.28348879318 0.120068441741 -0.0996255465962
0.188990198702 0.0500633285969 -0.0471207245649
0.101479731847 -0.00243629076332 -0.0821121287446
0.363940816313 -0.00243603729987 -0.09960164099
0.276411906656 -0.0549301404949 0.0053975443698
0.258884695056 0.032566225788 0.00539690404106
0.276355557727 0.225042093992 -0.117090512907
0.0313528361812 0.312508971802 -0.274561436646
-0.0561410554979 0.172491168292 -0.222038045082
-0.248614435758 0.364952295595 -0.187018466437
-0.161097665667 0.207430825905 -0.0470137896658
0.136387272972 0.259903324675 -0.239488283831
0.0663804456149 0.137389147323 -0.0294854308104
0.188860265329 0.0848803499171 0.0930043340094
0.276330985112 0.0323770486666 0.11049277904
0.171313203538 0.172358593563 -0.134492513558
-0.108674712333 0.154842320912 0.0405027136218
-0.19615386311 -0.195136314046 0.0055023448398
-0.161136979183 0.0848540964389 0.00550170451107
-0.143621893809 -0.0901360214511 -0.0819896125129
-0.0736143127314 -0.0726284132488 -0.0469847614297
0.188865174516 0.0148698206595 0.28548437769
0.0663584943454 -0.055124213463 0.0229826790399
-0.0561353125495 0.0673683994856 -0.134502972261
0.223840490436 0.0148669658606 0.197975344905
0.0488357383664 -0.0551270682619 0.0229735009947
-0.318629874203 0.154856141341 0.162955979703
-0.0561245670329 0.014854906336 0.0229540776897
-0.0386205373344 0.137340148834 -0.0645389468776
-0.248593865197 0.329804971367 -0.117026480033
-0.00359406515122 0.137290976923 -0.0645197370154
0.0314025483695 0.0672840628548 0.00547950644817
0.276372873283 -0.0377117140885 -0.1170079105
0.276343791687 -0.107700212035 -0.0120068041535
0.241318450084 -0.00270017290401 -0.116994250153
0.416274243685 -0.0551942360784 0.00550490615475
0.206253007894 0.0323021568847 -0.116982510793
0.0487482467826 -0.00269747818724 -0.0644757677755
0.101237460801 -0.0376934380391 0.145508302269
-0.143746837954 0.0672992306418 0.145492934379
-0.248720383484 0.242273340313 -0.029503360015
0.206256823186 0.119761003906 0.127982718171
0.258729468698 0.119748397434 0.162965584635
0.206207878058 0.102237660959 -0.0470289441126
0.0137068836212 -0.142746737847 -0.0120277215589
-0.0737851404324 -0.0377430101555 0.00547160906041
-0.0387811397858 -0.055237151444 0.0404670686554
-0.056275177688 0.137247941496 -0.0470276634551
0.0487194519997 0.0322448074422 0.0929620723127
0.013718082704 0.11973200235 0.110450517344
-0.00378147469843 0.0847231625523 0.180431404717
0.0312151588326 0.049718004645 -0.0995574583071
-0.0912749461618 0.0322146586308 -0.0645506862377
0.0662177154044 -0.0727774364222 0.110437283883
0.013716395171 -0.0202754224993 -0.222038471967
-0.178764335529 -0.00277517140737 0.0929509732812
-0.143749292547 -0.00277487792337 0.267922508298
-0.126236034778 0.0147235322234 0.00542251719055
0.0312603086787 0.154706918065 0.00542187686181
0.188740056949 0.0322038130628 -0.152061853453
0.171222090095 -0.0902864053231 0.162920334737
0.0137210042039 0.0672061561918 -0.134564870705
0.24119508008 0.172187799212 -0.029561843373
0.486143340333 0.0496828399251 0.110426184851
0.153627924122 -0.0203148560774 0.215403385591
-0.108859994121 0.0146835116773 -0.064589105962
-0.0738523015788 0.0146819642162 -0.222065365774
-0.178833224229 0.17216348006 0.110422342879
-0.108821934581 -0.090326412529 -0.117064686314
-0.0388180053789 -0.125313134305 -0.20454298332
0.13616726669 0.0496812257631 0.0229542911326
0.0661604526731 -0.107807053553 -0.029542420068
0.0661534890981 0.0496873489067 0.0404529814232
0.293622048809 -0.125299047073 0.0929430758935
0.363583619599 -0.10778773697 0.0579369441529
0.328549099951 0.067204782153 -0.0470577589058
0.223525835563 0.0671977118566 0.162924603595
0.101015473502 0.242171821528 0.092914901429
0.43346909799 -0.0203254348417 0.00541461980279
0.153453554602 -0.0203233004126 -0.0645784338164
0.118441179657 -0.0203211659835 -0.0645716036432
0.188421173237 0.154662135074 -0.0120704101414
-0.0740704068849 0.259634546688 -0.0645634928125
-0.109058842874 0.329599665966 0.00543575065112
0.030937576325 0.0145988949027 0.0754275236128
0.0134361979877 0.102087930756 -0.0470671503939
-0.039059569395 -0.0204096247305 -0.0645602911688
-0.161542267253 0.224566169658 0.0229372156996
-0.0915327985402 0.207044414193 -0.0470577589058
0.0834580063692 0.17202638301 -0.0120565363521
0.0834492218593 0.0145252037372 -0.0120552556946
-0.126536962604 0.0145236696163 0.355406461541
0.0309594075329 -0.177957147795 0.110395449072
-0.0915306707811 -0.0904478348658 0.0578893463834
-0.00403044918571 0.172033453306 0.0753814199437
0.100958677677 0.224509660647 0.0403772091893
0.205936765539 -0.0904800647456 0.040372940331
-0.0390585622113 -0.0729724165227 0.0753649848394
0.0484361398838 0.154510790708 -0.0471296891673
0.223412217232 -0.0729809942598 -0.0996191433088
0.240886815154 0.0845097463202 0.12786681867
0.38084637543 0.101998951741 0.110355321805
-0.0391485083886 0.0144976429212 0.32032114248
0.153334893683 -0.037998234518 0.232796848526
0.188314985389 -0.0554923491262 -0.0122012506468
0.100804585234 0.0844984338459 -0.18718132338
0.153288323108 -0.00300104736946 -0.152165373265
0.363249608121 0.189478556086 -0.239640041742
0.485698205139 -0.160503720742 -0.274611168845
0.153182828948 -0.370464218685 0.0228859894006
0.293151647311 0.119522054565 0.00538537812379
0.503098178083 0.067015111445 -0.0821059389001
0.275569714284 -0.0904749954764 0.197872465421
0.310536919374 -0.0904654705864 0.180353498054
0.275508002602 0.119521467597 -0.0471410016416
0.275479027727 -0.107966642151 -0.0821321923784
0.117966962866 -0.125453392979 -0.0121310279286
0.0304639665125 0.224522147057 -0.0121297472711
0.10045322485 0.172004184947 -0.187109820004
0.0129520694417 0.0145030190145 -0.292078909913
0.0129507087431 -0.00299661842903 -0.134565084148
-0.232024291904 0.294471711683 -0.134550996916
-0.0920149327289 0.0144708158151 0.0404442302638
-0.161997714408 0.0669636450227 0.127930638101
-0.494444882248 0.381922741357 -0.0295656853454
-0.0919361456139 0.0844145241009 0.0754260295124
0.223039652629 -0.178066137082 0.197904908744
0.17052181058 -0.160549264124 0.0229030648336
0.240496321346 -0.0380455521437 -0.222073049719
0.0129954917342 -0.0730377834147 0.00542593227715
-0.02200210896 0.119449190491 -0.0120727580135
-0.0394979144363 0.0319460273853 -0.0820641040893
0.205479890985 0.084437028988 -0.064557302968
-0.0745116200652 0.0319337810982 0.0404380404193
-0.0395075393776 0.0494285360351 -0.0820530050579
0.292960856027 0.154412033341 -0.169534930594
0.292930013526 0.0494070716823 0.110452865216
0.362891637677 0.136892452325 0.145437439222
0.292860964744 0.0668855782775 0.0579313946371
0.275332018921 0.101874767987 0.00543105490705
0.345295510697 -0.108113357473 0.0929208778306
0.310262912035 -0.160596328286 0.0754130094947
0.747683211859 -0.335560592903 0.0229109622214
0.71260824478 -0.108049751485 -0.0995783757125
0.695035116273 -0.0380459123286 -0.222054693629
0.240010925483 -0.143030603581 -0.0645481249228
-0.267459737383 -0.0555249658713 -0.204526334773
-0.197439122948 -0.0555191228715 -0.0995160503821
-0.424893868901 0.101969763423 -0.134501905046
-0.249867959302 -0.00302966205991 -0.116989554409
-0.0748604858355 -0.125516158535 0.00550960189883
-0.547301778363 0.241957524844 -0.151974128416
-0.442255475481 0.241932045096 -0.30944099674
-0.564695721545 0.101921645387 -0.0469367367744
-0.424651344391 0.171903399872 0.0405586356649
-0.0921424181785 0.0843947139306 0.145543093464
-0.00464213655221 -0.0905953505986 0.023041162398
0.0828489336784 -0.108083929031 0.19801974103
-0.057144724103 0.1194029801 -0.169461506232
0.222831172264 0.154386646974 -0.0994511637367
0.240305823546 -0.0731051246535 0.0230462850279
0.0827974739262 -0.125591784027 0.0405417736748
-0.162184877162 -0.108080447244 0.110529918107
-0.0396809884243 0.0319158652338 -0.0469646977959
-0.0396768129473 0.17189745015 0.110523087934
0.345285959126 0.101886867532 0.0930132986117
0.170268427162 0.154370505354 0.0230112803902
0.222744861286 0.119358023687 -0.0994780575437
0.0652383459409 -0.0906319560581 -0.116965648803
0.135223955738 0.119354995466 -0.169447632442
0.205202175075 0.119342429014 -0.0819392399855
0.205180590661 0.10183173256 -0.0469343889024
0.0476759362708 0.066824787068 0.145549710194
-0.0748159029472 -0.0206728265219 0.180530655671
-0.109804265565 -0.0381687754051 0.110519032518
-0.0572983563093 -0.125655336654 -0.0294773199797
0.0127001467742 -0.0381515265497 -0.134463058436
-0.074791777228 -0.0206493878221 -0.0119619811419
-0.19727071649 0.0493452532788 0.00553734947744
0.0302255707896 0.0318419472852 -0.0644557041417
-0.267245600781 -0.0556519910845 -0.274426540726
-0.319711816326 -0.0381480180818 -0.099416372542
-0.407168769041 0.0668446906196 -0.0644096004726
0.0128289128812 -0.0206529229703 -0.0993990836661
0.257801205472 -0.108141345175 -0.186879301659
0.240275941539 -0.00314125268257 -0.0118783115202
0.0827676052586 -0.00314091917802 0.0406171190229
0.0477626607942 -0.0381368256691 0.0756091635313
-0.0397329551034 0.0318596630469 -0.0818818238421
0.0477618136926 0.119346897975 -0.116869386049
0.0302586677812 0.189326798175 -0.0293665431081
-0.0572351105063 0.014325701315 -0.169348381488
0.0477596192327 0.119312893851 -0.20432676565
0.0652527066468 0.224289014036 0.0581663952837
0.0477477197903 0.0492842486263 0.00566605555365
0.10023704053 -0.0557096340111 0.0756578285153
-0.0397584415212 -0.0382056476682 0.145642344418
-0.162241079349 0.119281437702 0.163125239933
0.117745876029 0.136766987913 0.0756174878049
0.135231613003 0.206745073848 0.180598317074
0.0652249057075 0.171727082686 0.128084957326
0.170206742161 0.136712746733 0.0405808337278
0.240181279607 0.224188962671 -0.134404575078
0.362642816602 0.171671013901 -0.151888537808
0.222619730379 0.0491661079743 -0.186868842956
0.0301170017182 0.171647761963 -0.0993585295127
0.292585596707 -0.24832514057 0.180621795795
0.205064197572 -0.16080839716 -0.16935948052
0.0125633231973 -0.0733008918248 -0.0118584613294
-0.179917287441 0.101687992098 0.0406369692137
-0.16240022772 0.049182943284 -0.0643558128587
0.0650923910093 -0.0558109393534 -0.169337709343
0.100081767481 -0.0383069530105 0.0581555096952
-0.00491746456908 -0.0732991576011 -0.0818355067301
0.100071755675 -0.0207970903175 -0.0293326056851
0.0650649902754 -0.0382930258605 -0.116820080737
-0.109923033206 0.11919405951 0.0756714888617
-0.0574171106097 0.189173973049 -0.0643212351069
-0.109905410826 -0.0908158104468 0.00567800835674
-0.162388194876 0.13666925774 -0.0118206819339
0.17009312383 -0.0733225162599 0.0231769120903
0.222569571294 0.0141757843494 0.0406724007372
0.0825611992922 0.0841667702403 0.0756644452456
-0.00493807515031 0.27663719565 0.00566413456743
-0.0574319115417 0.189117490719 -0.256808322404
-0.0574258684392 -0.0908722927775 -0.186788801864
-0.0924160519922 -0.213349531166 -0.0642821750539
-0.109904436992 -0.0908402630005 -0.0817736082855
-0.0923947543916 -0.195819411407 0.04072170605
0.0825961372289 -0.0383157441905 -0.0467730260606
0.135081802759 -0.0208135921226 0.0407223463787
0.222558178779 -0.0558076443284 0.110710490811
-0.00494078987736 0.0666850486612 0.0582043881221
0.117546547029 -0.0908050182396 0.0931945116443
0.187526633991 0.189174413275 0.128181006637
0.24000124051 0.0141733297559 0.0056807831146
0.0824929375808 -0.0558206243256 -0.0993085838712
0.169974836436 -0.0383166379827 0.0581847513742
0.0299720139498 0.0666760973991 0.128171188263
-0.07501984765 0.0491709638006 -0.0118270852212
-0.145004416913 0.0141695544844 0.0406683453219
-0.442457152353 0.36413040698 -0.274302103508
-0.127444468507 0.171612797346 -0.239276975348
0.432508711606 -0.143371391871 -0.116764799022
0.309976338245 0.031624862503 0.128221133905
0.0124757315621 0.0491196441203 0.0757133236726
-0.0225218157714 -0.0208779851813 -0.151770076991
-0.162504387861 0.0841129159255 -0.134256018811
-0.162487272408 0.0666059280416 -0.099245618212
0.274982746275 0.0141045744577 -0.0292427462189
0.292451928083 0.171586157003 0.0582507052341
0.222428685632 0.154069964393 0.180731505452
0.117416546955 -0.0209274238959 -0.0642610442056
0.239891023926 0.0315691272225 0.0232364626628
0.362352587601 0.119056388831 0.0757282646764
0.48480126466 -0.0559373242379 0.0757203672887
0.169784125194 -0.00343708455921 -0.0642723566799
0.134770016024 -0.178417891002 -0.0992618398734
-0.232704641188 0.0840726552561 -0.116749431133
-0.0576989619756 0.0140713307241 -0.0992390014817
-0.127685365514 -0.178409433327 -0.204217269436
0.082305488013 0.0840810995913 -0.134203298412
0.11729305689 -0.10840705492 -0.186683574508
-0.0227042227504 0.014091180915 -0.0641769476981
-0.425158538112 0.416546383399 -0.134162744258
-0.197638265185 0.206525147607 0.198315572907
-0.0751306311917 0.258997739759 0.163298342135
0.0473640961758 0.171479915793 -0.0116998732454
0.204842163583 0.188959969849 -0.169181896016
0.309809292485 0.0664532629985 -0.029179140231
0.0123086991429 -0.0910367905621 0.110808674551
-0.127677534827 0.0314596176682 -0.0291878913904
0.0123208453786 -0.0385361640181 0.0758038234674
-0.145163511924 -0.0735283419284 0.023301776194
-0.0926538740873 -0.0210262479643 0.0757935782076
-0.285123419045 0.118960899808 -0.204184185785
-0.180104703659 0.241435203357 -0.0466795380649
-0.215081967246 0.24140980365 0.075812147741
0.0124161943297 0.0314069639698 0.0758042503533
0.117403580298 -0.0385888043764 0.00580393967508
0.11739122729 0.0489058410229 0.0757957126368
0.0823826409558 -0.00359365827567 0.110783915173
0.0298796198491 -0.0560876280688 0.058277812484
0.0998689382173 0.101401324927 -0.116709303865
0.169850906145 0.03139818613 -0.011708197519
-0.0226462729997 -0.0735938155417 0.128277909719
-0.0576401251027 0.101395095062 0.0232759496016
-0.0751321719827 -0.038600503716 0.0757677516152
0.117355022036 -0.196079491596 -0.116719335682
-0.162627197577 -0.0210776877062 0.00577982062598
-0.180108198786 0.101411343403 -0.204198273017
-0.110096762397 0.223887474557 -0.064191675259
-0.0925870597856 -0.0911021841344 -0.221668148514
-0.0750791981199 -0.161085059195 -0.0291654798846
-0.180060000709 0.188894229432 0.0583279715684
0.117426952297 -0.0735974040507 0.0408237317621
0.239901402588 0.0139009232389 0.0933138262324
-0.040093713646 0.0838919358102 0.21579099792
-0.250066888097 0.293860517903 0.128277696276
-0.110055634615 0.171342765382 -0.169203880636
0.204922057933 -0.0561508071709 -0.0641972247747
0.0824136635491 -0.00365054081183 -0.0466923446397
-0.0925761808672 -0.108638867263 -0.169174425515
0.0124222641125 -0.0386349614062 -0.169156709753
0.204900246735 -0.0211327693178 -0.134142680624
-0.0575930809508 0.0138656918181 0.0408525465553
0.0299035721459 0.118852937715 -0.0816384989219
0.099892883844 -0.0736388653365 -0.0116373344721
0.274863538408 -0.0736311146907 -0.0116360538146
0.0298609769447 0.241342729215 0.0583574266904
-0.320104524604 0.18882297952 0.040853186884
-0.127591530674 0.0138219360211 0.0758452313924
-0.215068680424 0.153805415244 -0.169136432676
-0.075061108833 0.0488005202858 -0.0991260901811
-0.092551321438 0.188780317618 -0.0466212681498
0.222424536835 0.171262337424 -0.0816126723295
0.117412411499 0.0137612381929 0.0058865420822
0.0299094685064 -0.00373831920958 0.0233839517153
0.152393130193 -0.0912285156582 -0.0291129729281
0.222369575285 -0.143713260716 -0.151596761346
0.0823612166234 -0.00371319964682 0.215879790172
0.0998506621679 -0.0387090527772 0.0758721251994
0.0823420334417 0.0837818526281 -0.081618862174
-0.180138400959 0.0137805547764 -0.0116176977241
-0.407594961176 0.066273450685 0.00588163289521
-0.390053929148 0.136258940421 -0.0641114207239
-0.0750467681374 -0.0562346768953 0.110876335954
0.274923462506 -0.196213693827 0.128362859998
0.0474190177052 0.0137843567283 0.198341826385
-0.0400765581719 -0.03871145401 -0.0641506942198
-0.0575704560021 0.013786971404 -0.0991401774133
-0.145054976203 -0.0912031826525 -0.0116390420154
-0.30252275166 -0.0386992344032 0.145845115185
-0.26749468866 0.171282254316 -0.186634482638
-0.0749872375751 0.153766101727 0.128351334081
-0.197466163497 0.118753686761 -0.0641413027317
0.0825245004514 0.276224236975 0.00585794073193
-0.092465357305 0.10121397541 0.145842126984
-0.144949975631 0.031210863294 -0.0816487441817
-0.214927194454 0.0137094649464 0.0758428835204
-0.0224252728741 -0.00379009245602 -0.0641498404482
-0.109913494976 -0.12627650889 0.00584940301543
-0.0574075790496 -0.00377639208908 0.0758411759771
-0.302375182566 0.0137221247792 0.0583350151846
-0.0398715929451 0.0662150206877 0.0233327254163
0.205106245826 0.101204277098 0.0583262640251
0.170088414746 -0.0212931850067 0.0933163875473
0.0125874555865 0.048701522795 0.163298982464
0.117574828215 0.171183230145 0.198278006955
0.0475699885452 -0.143800905711 -0.0467164636888
0.0825612126324 -0.00380083130256 -0.169198544564
0.170043111488 -0.0562947877555 0.00580052458848
-0.0574503143228 -0.0737869813775 -0.0116981657021
0.170031265406 -0.283756610675 0.040797264841
-0.0399640470767 -0.0562512320612 -0.186682507293
0.0300326317369 0.101237734275 0.110805046021
0.135018170091 -0.0037616111674 0.163287669989
-0.0399772138363 0.0312350223636 -0.16919384882
-0.0399730050089 0.0487298440015 0.215782673647
0.0825180237931 -0.00376962861679 -0.0992061312732
0.11750556599 -0.108757941728 -0.0641993592039
0.117493199641 -0.143742729178 0.0757922975502
-0.00500598334692 -0.0562370114272 0.0757844001624
0.099983243567 -0.0562310883864 0.163266966027
0.257455801479 0.118756007952 -0.0117312493536
0.2049343309 -0.00374330843765 -0.0292282321009
0.397392043117 -0.021241024895 0.0932615327188
0.222369055018 -0.0387369070773 0.215738704407
0.222345642999 -0.0737290583071 0.128225402763
0.0473410643515 -0.00372883434015 -0.0292711341263
-0.00515827486495 -0.0212265507975 0.180709307389
0.187321542033 -0.0387224329798 -0.0117888789399
0.134807488596 -0.0912127075425 -0.11677632494
-0.0401878819909 -0.0737049792786 -0.0817678453268
-0.0751798831437 0.118782074668 0.00573136908485
-0.0751719724158 0.188762028228 -0.116756047863
0.484775704872 -0.161220181898 -0.204234344869
0.292245368704 0.0662723034293 -0.151718423806
0.0647390829584 0.0137709765257 -0.0117173755642
-0.180241373824 -0.0212266975395 0.0932724183074
0.0822493591971 0.0837642435878 0.0757645499715
0.117236934745 -0.0737276309077 -0.0817264374018
-0.11025092154 0.0837631897134 -0.0292235363568
-0.28522050889 0.0837543718531 0.145760591791
-0.00522059352529 0.048749307327 -0.0467339660076
0.134764893395 -0.0737426386124 -0.0642271067825
0.0997544727854 -0.143727347948 -0.204205316633
0.169736447383 -0.091217870193 0.00579369441529
0.134722351554 -0.0387139086035 -0.134191985937
-0.075269242353 -0.0737060598333 -0.0991815853383
-0.11025755161 -0.038702075862 -0.204159853293
-0.390215825597 0.013796349552 0.0583333076413
-0.0927067545689 -0.12619003783 0.00583296791117
0.0997822870649 -0.0736824076906 0.215809780897
-0.180198084933 -0.0386784237193 -0.0641827106567
-0.267669685168 0.328786074944 -0.011681517155
0.117317042538 0.258759030541 0.05831196335
0.047312229548 0.118746856588 0.145796450201
0.0998015969784 -0.126239289782 -0.134188784293
-0.0401938450523 0.328725030271 0.128297119581
0.0298028604417 -0.0387700174091 0.0757893093494
-0.110185221144 -0.0212678119805 0.110777511885
0.257286861414 0.0312287791584 -0.116709517308
-0.092702585762 0.083719847462 -0.151693450986
-0.127689074085 0.118707262927 -0.0991830794387
-0.267660560483 0.433660876447 -0.0641763073693
0.187318647213 0.0311585297599 -0.116663840525
0.169800827102 -0.371301448509 0.0583294656688
-0.0226963387028 -0.0213000151799 -0.0116689240231
0.117290989162 0.22367585925 -0.0466639567323
0.204769232808 0.118663627192 0.0583294656688
-0.0227278482128 0.101153010779 0.00582912593875
0.309738749603 0.0136517819993 -0.0816621910852
0.13472500625 -0.0738402353842 0.0233350732884
-0.00527412767577 -0.0913305813909 -0.0116635879503
0.0297226659374 -0.161313429771 -0.0116623072928
-0.0227748189937 -0.0738058710753 0.110825536541
-0.127761137748 -0.0388018737637 0.00582528396633
-0.127747690844 0.0836890449817 0.00582464363759
0.0297488193643 0.13617456377 -0.134161036715
0.117236267735 0.258647053054 0.0408341904648
0.187216381378 -0.108840624176 -0.0816568550124
0.309683494569 0.101148234993 0.0758347726897
0.0296810445695 -0.161334160414 0.145819288592
-0.250291963648 0.0136639882659 0.0233171440837
-0.0402882068298 0.031160664189 0.110805046021
-0.0577820846498 -0.161321900786 -0.116681983172
0.0297145884572 0.11866496121 -0.116669603483
-0.0752772464623 0.0311618781456 0.00582955282458
-0.285246735688 -0.231313153481 0.145813739077
-0.372707290252 -0.0213114076954 -0.186665858746
-0.127694423498 0.206166363412 -0.20414427196
0.0123039567082 0.0311634789674 -0.0116433108736
-0.0751879206034 -0.0563303793612 0.145840846327
-0.022685653217 0.0836604969922 -0.0116573981059
-0.390143708573 0.188640379109 -0.0816487441817
-0.0926346642252 0.188620515578 -0.0816402064652
-0.162617379203 0.39857806534 -0.169122345444
-0.197596497075 -0.0214186894392 0.040872823632
0.012401706892 -0.126405134925 0.110860968064
0.257374052843 0.101083681853 -0.256611101153
0.36233564557 0.276054229695 -0.186591580613
0.344799416007 -0.126431521805 -0.0465869038409
0.0647932240872 -0.0914219883182 0.0409084685984
0.117280743902 -0.0564161300513 0.0759005131068
0.0822721709084 -0.17889701698 0.163383078971
-0.285196950128 -0.0213951173376 -0.151600176433
-0.110185754751 0.0485995904641 -0.0640934915193
-0.110174162133 0.20607754448 -0.274064328103
-0.1451587895 0.188557723341 -0.0990541599196
0.11732823495 0.171039769827 0.0934354886925
0.0123271819651 -0.196438716017 0.128421983685
-0.00517222869535 -0.126425558744 0.0584159100484
-0.162654731713 -0.0739179019239 -0.0290807430484
-0.0751470329455 -0.056412007935 0.0409146584428
-0.197625938857 0.101076971741 -0.151568800325
-0.250099491502 0.0660701062903 0.00593029787925
-0.145084458006 -0.0389255505913 -0.0990590691066
0.117402566445 0.136059704802 -0.134044923771
-0.0225947265363 -0.0389357825109 -0.0815364732098
0.134890717991 0.0835551495747 -0.361497802098
0.239865197334 -0.0914348215733 -0.203976719274
0.11735312773 -0.0389308466436 -0.291445838235
-0.0401422652385 -0.0389267512077 -0.343909252341
-0.180122979708 0.153556634189 -0.0464050504795
-0.477572006577 0.293525412531 -0.0464001412925
-0.250046210815 0.101015220038 0.0235971811849
-0.355008603952 0.223491404553 0.0235946198699
-0.284978758111 0.223467872472 0.0585881584787
-0.0749713560884 0.118455653754 0.0585819686343
-0.0924615820335 0.0834469473583 0.00608162890417
0.187518002894 0.03094380619 -0.116406001486
0.152502039439 -0.00405568214001 -0.0464012085071
-0.0399932954258 0.118431561385 0.058592213894
0.0824977333762 -0.03906396832 0.0410879740877
0.0999871655805 0.188415663742 -0.0289087080609
-0.110000766447 -0.0215815730618 0.128577370125
-0.162483537157 -0.0565755452265 0.163560023146
0.0300128549171 0.0834153578072 0.023557907689
-0.0224846566944 0.188395266604 0.023555346374
-0.0399804088099 0.153379209768 -0.0464396282313
-0.0749724366431 0.118366834822 -0.151423445701
0.0475222773841 0.100856245089 -0.221400064216
0.239996544766 0.0483512763159 -0.0288973955866
0.362458108441 0.13583676368 0.0760941058283
0.239933152221 0.0133356597058 0.251067348388
0.397390949222 -0.231639400973 0.163550204772
0.32735664776 -0.00413947182333 0.128536815972
0.0998466534432 -0.109127744914 0.181017732397
-0.0926431419109 -0.0741200190218 0.0410136959542
0.152340236371 -0.0216178583569 0.111001840386
0.099829858154 0.135867459439 0.268473404455
-0.180150527184 0.0483625754501 0.285943279952
-0.110139090794 0.135848062814 0.00594331789691
-0.267610561481 0.118335658817 0.0934331408205
-0.16259368704 -0.0566579742112 0.110921372408
-0.0925840982652 -0.0741501278127 -0.0465732434945
0.134901176694 0.0308463828406 0.0409221289447
0.152385086063 0.0133450245136 0.18090290011
0.152369037824 0.0308417404573 0.0408988636673
0.1173567696 0.100830952104 -0.0640939184051
0.204834999905 -0.0741608266386 0.0234033750204
0.169817208845 -0.126647379291 -0.0115952862183
0.0648106330247 0.135837697493 0.0933945076533
0.0473056928588 0.118325293495 -0.116592550592
0.117293176952 0.153309067091 -0.0115914442459
0.274763887249 0.153292925471 -0.064084526917
0.18724436908 0.258265497167 -0.204062736767
-0.057748974318 0.0832571432484 -0.0815544024144
-0.407705257801 0.223233298711 0.040940911921
-0.127692449151 0.205711703328 0.110929056353
-0.127679015587 0.135697558881 -0.169052549612
-0.00517874537427 0.0831889482379 0.0584406694262
-0.0226763150896 -0.0568047562341 0.0409364296199
0.222299726092 0.100684263462 0.215913514152
0.134785730759 0.0831755680353 0.14589826247
0.222262133459 -0.231799323075 0.0408941679232
0.34472556476 -0.266771143867 -0.151589290844
0.37968548611 -0.214248712796 -0.0115882426022
0.152169988968 0.0482455953939 -0.186568315335
-0.0403253125462 -0.109242537181 0.0934211880174
-0.0928154170216 0.0657501286842 0.215898359705
0.239658557914 -0.0567436048397 0.268370098085
0.0996484049981 0.0132548315429 -0.0991186196791
-0.0928413703457 0.293223337449 -0.0816101110145
-0.00534101534845 0.0832150416339 -0.0466052599314
-0.0753329217119 0.0482100438088 -0.0640984007063
0.0646599423285 0.118197441191 0.0758932560477
0.0296569055101 0.0656906448125 0.0233909953314
-0.0403386860786 0.0131893846099 -0.134094655969
-0.0928287905541 0.0831804772223 -0.239069295394
-0.267800178828 0.0481754793971 -0.0115683924114
0.0996884588946 -0.0918145231743 0.0409270381317
-0.0578050897937 0.0481800817599 0.0759190826401
0.187174626608 0.0656731291535 -0.0290775414047
0.0121737632017 0.170654932256 0.163404636705
0.222149902508 0.223131299679 -0.0990842553702
0.0471453372008 0.153115354308 0.00591492998955
-0.0403502119959 -0.0218819272601 0.180895429608
0.0996389668193 -0.28435136935 -0.0291010201251
-0.215337618494 0.030644652608 0.0408943813661
-0.25031117351 0.223120707575 -0.0640984007063
-0.250284839991 0.240595358857 -0.0465935205712
-0.512730269753 0.153079429197 -0.0815849247509
-0.127717702115 0.030576497618 -0.0465800736677
-0.0752099118935 -0.161906000656 -0.0465751644807
-0.215186927798 0.0830846813751 0.145908934616
-0.0401831128758 0.100574033538 0.163391616688
-0.162665697343 0.0655672214484 0.0583856011548
-0.0751579985751 -0.0744246153981 0.0583794113103
0.117329195443 -0.109413024707 0.00587907158026
0.0823206157794 -0.0744052721341 -0.0116196187103
0.0648138346684 -0.0568993247845 -0.169101641481
0.134799484487 -0.0918895750384 0.0758898409611
0.11728717387 -0.126876136732 -0.116597246336
-0.14519692908 0.0131221500925 0.0233999599338
-0.0751891745805 0.0306188793763 0.233374851933
0.0997999094454 -0.196859865564 0.0758672160124
0.292268714023 -0.00435985163042 0.145851731915
0.152252991581 0.0131387185986 -0.0116465125173
-0.0402423232738 -0.0568551287614 -0.169128535288
0.169739328863 -0.0918453790154 -0.0641218794266
0.327204516324 -0.19682440736 0.0583715139226
0.152188878666 -0.144309340069 -0.0991175524646
0.0646822871334 0.0831813843547 -0.169099720495
-0.180298162979 0.153165086506 -0.169082004733
-0.215275413225 0.258137644863 -0.0815736122765
-0.285245214907 0.11812556429 0.00592560213517
-0.442698262803 0.153109364566 -0.064067451484
-0.075191188948 -0.109378513656 0.268403608622
0.117296005071 -0.196857571053 0.145888444096
0.187276118713 0.0481367795291 0.0233862995874
0.22225266193 0.0831279569256 -0.186593715042
0.117240563274 0.29309660572 -0.0290909883082
0.0997301002728 0.153080816576 0.128395089878
-0.0752615650783 0.258053388273 -0.0640975469346
-0.407717877613 0.1180413077 0.00590169652898
-0.040214488984 0.0305382913367 -0.0290952571664
0.327250193107 0.188018126318 0.0933945076533
0.519695072068 -0.161964003768 0.233369729303
0.379655390659 -0.231939448347 -0.169111673298
0.239630490171 0.205537920776 -0.0466069674747
0.362092107207 0.100527569684 0.0583864549265
-0.0404027056122 -0.00447170905672 0.110874628411
-0.23287774339 0.118015587829 -0.256597440806
-0.180358874147 0.100505038117 -0.099087243571
-0.197838007731 0.117992589356 -0.22156377493
0.0121602229169 0.0129914563292 -0.0990535195908
-0.0578335243917 0.187971262258 -0.256526150874
0.0821574987037 0.0129703121406 -0.0640196402716
-0.0228398523811 -0.0570235218792 -0.0290167101746
0.152143708809 0.135461757823 -0.186496811959
0.39710136055 -0.039533662789 -0.116484761921
0.344565215772 -0.162016310622 -0.0114836555751
-0.0404296461098 0.0654762547472 0.215992914915
-0.0404253905917 0.100465591199 0.075985249943
0.134560041559 0.117953142437 0.128471715884
0.239534574263 -0.17952726054 0.110960005576
0.222011257996 -0.179508370842 -0.0640326602892
0.396969025945 -0.00450828783584 0.145951409755
0.23944420787 -0.0570021642477 0.0584453651703
0.0119434716393 -0.0219999211702 0.145929852021
0.0119422176622 -0.0394957233114 0.128416434169
-0.320523272918 0.082995262135 -0.0290801027196
-0.425478222234 0.100484627638 -0.116567791214
-0.302946622604 0.170466542206 -0.0990573615633
-0.110435442938 -0.0920231769614 -0.046552539532
-0.00543511699248 -0.0745153686564 -0.151536357002
-0.197913833325 -0.109503764625 -0.0640296720885
-0.0579080626588 -0.091994122045 -0.0640228419153
-0.0579019661956 0.152989209546 0.128463178167
0.0820890635699 0.0654825112925 0.163445831188
0.222065365774 0.0304793810929 0.0934361290212
0.0645589304702 -0.0220181705392 -0.0290604659717
0.117046490306 -0.0570120893432 -0.0815518410994
-0.197931935952 -0.10950044292 0.040943473236
-0.00543181529742 -0.196979500316 -0.0990456222031
-0.0229293583324 0.100509213594 -0.0815371135385
-0.197908110387 0.310476034783 -0.0640303124172
-0.372868466331 0.135462184709 -0.0465254322821
-0.0228668595796 -0.127023825887 0.128460616852
-0.0753588083352 -0.109512342362 0.0234584432918
0.0646340623754 -0.0570064597863 0.00595783201495
0.327099022165 -0.00450610004599 -0.151525898299
0.23957398116 -0.0919962164535 0.0234712498665
0.169556314905 -0.109484648144 0.163453515132
-0.127929530866 0.152998641055 0.0759457630042
-0.0754217139635 0.240473109429 0.250919005564
0.169559876734 0.0654666231357 0.0409150853286
0.16954202757 -0.00453272704932 -0.116572273515
0.0995316984156 -0.074524720124 -0.151556207193
-0.145452406906 -0.0570187594342 -0.204034562303
0.0470421909133 -0.00451839969382 -0.116522541317
0.152025941683 0.0304783005381 -0.0290196983754
0.0120250001618 0.117965682208 -0.0465147601365
-0.180455550446 0.257938182461 0.0759769256694
-0.00545538739907 0.0829298819029 -0.0115214349706
0.0120433028915 -0.179550605858 -0.0290184177179
0.257015682193 0.100438150444 -0.0290154295172
0.0645093383435 0.117925701683 0.00598387205027
0.396966784794 0.292894475282 -0.273986848326
0.344430640015 0.0478899861615 -0.116474943547
0.0994207414516 -0.144594339718 -0.116462777301
-0.163061473863 -0.0395904252636 -0.256435651079
0.0119368615791 0.170391156837 -0.0989254538434
-0.075554982382 0.22286755094 -0.0814169451788
-0.320520658242 0.292836578892 0.111070782447
-0.110509520969 0.117824569763 0.093560993125
-0.0405054250138 0.100314033391 0.00606071149875
0.0644875404861 0.082805377984 0.0235581211319
0.0819788669962 0.0303023035166 -0.221418206864
0.134464605897 0.152785931853 0.163563651675
0.431918435231 0.0827773902821 0.0585576361422
0.081910618625 0.170259262457 0.00605729641215
-0.058082939105 0.0652526199357 -0.063935757207
-0.11057117929 -0.0922373002231 0.0235615362185
-0.00557083333433 0.135247928046 -0.0114371250202
-0.233045776323 0.222724277385 0.023560255561
-0.18052689374 0.100214008706 -0.0289366690825
0.431926225898 -0.232260759971 0.146047459066
0.0469221692956 0.0127373258615 0.0760394644428
-0.00557712323016 0.222713378457 -0.186440249588
0.151906507033 0.0652068764515 0.163541667055
0.046901825518 -0.022290563716 0.0935319648889
0.116889342962 0.0302061341444 0.146016509843
-0.110598473302 -0.0222913908073 0.0760087286634
-0.110586827323 0.100197760364 0.0585025678708
0.0644059786132 -0.00480147835644 0.285972094745
-0.1280801015 -0.057295328088 0.023470182652
-0.21555719789 0.100193744969 0.145954397956
0.0469372503714 -0.00480549375123 -0.0115438464764
0.0819285411595 -0.0922955834784 -0.204021969171
-0.110559373229 -0.0047952751718 -0.0640153714133
-0.373019503872 0.082695815069 0.00598387205027
-0.0405160037781 0.0651889872674 -0.0815074449737
0.0819750783845 -0.127297152877 0.110980282652
0.0119739806356 0.27517295059 0.00598003007785
0.151957653291 0.100162795747 0.0584735396347
0.309424721718 -0.197315726264 0.00597319990465
0.116912848362 0.0476786776782 0.0409686594997
-0.233061784541 0.0826699084355 -0.256503525925
-0.233037265287 0.170151793951 0.075987811258
-0.0580315593939 0.170133878086 -0.0115105493821
0.151951957033 -0.00486521774617 -0.0640036320532
0.0294491455152 0.24010892246 -0.0464987519181
0.0819403939113 -0.00488997712401 -0.133984519426
-0.0230569304931 0.0476048797913 -0.256457422256
0.29191162403 -0.00489447276536 -0.116445488425
0.379371458225 -0.022392069161 -0.116433322179
0.396829647723 0.0126065253767 0.0410619340524
0.239304829648 -0.127379741944 0.0760537651179
0.291773980032 -0.0748719784023 0.0235515044016
-0.0232228356669 -0.057365977692 0.216028132996
-0.233197801037 0.117621238708 0.00602805473315
-0.198177021777 0.257593792322 -0.116459575657
-0.25065049438 0.152577971755 -0.291428549359
-0.180631654189 0.0650713135217 -0.186409086922
-0.268103214403 -0.00492799664279 -0.291378176832
-0.0231013599694 -0.0924180730298 0.0936111522094
0.0818897745906 -0.197397048014 0.0936013338355
-0.0756018998022 0.205080445914 0.111089565423
-0.040597705723 0.152564498171 -0.0639031004414
0.0993914997726 0.205042799921 -0.11639084704
0.274362214368 0.240017462172 -0.0638841040222
0.274333319534 0.047512885896 -0.0813755372538
0.169315751403 0.117500363319 -0.168857676232
0.0293129956175 0.134986100293 0.0936318561719
0.379272233951 -0.144997973605 0.303599491112
-0.00572625312505 0.169983414173 0.33856368132
0.0467687038416 0.0474786816693 0.146048739723
0.169250597954 0.239952975732 -0.0639438680377
-0.0407446211476 0.37991266941 -0.133929664598
-0.250717728897 0.0824046789365 -0.0114285873037
0.04677664792 -0.00509458883595 0.198549933225
0.291745352002 0.0648984114225 0.303517742477
0.449197652847 0.0298953479237 0.111006322688
0.256671131972 -0.0925946169987 0.110994583327
0.0641648214726 -0.145079215314 0.215971570624
-0.0233325186435 0.0649134591478 -0.0990172342957
0.0641605192639 0.0824047589776 -0.0815087256311
0.204138695764 -0.127581325434 0.233465992057
0.169120984745 0.0124170414312 -0.029030370521
0.116608825614 0.134902537393 0.215946170918
0.186589019298 -0.00509658986325 -0.0815445840404
0.116576915899 -0.0400922962516 0.00595463037127
-0.320888286979 0.0998968592183 0.0409500899663
-0.285858276312 -0.110091052799 -0.0465446421443
0.0991303923898 0.0124073564591 -0.151528459614
-0.00586873960928 -0.00509206754155 0.0234686885516
-0.233343635907 0.134893386028 -0.0640243360157
-0.303311556623 -0.0750982012092 -0.134010132576
-0.0583059869485 0.0998908694765 0.0409850946039
-0.198284783767 0.152374720742 0.0934751890742
-0.0232827397543 0.274845502482 -0.0990138192091
-0.198261465129 0.187325984314 -0.0990033605064
0.0642311621978 0.169808164202 0.0409919247771
0.0817225153883 -0.00519089161001 -0.186487847357
0.151706377622 0.0473040053258 -0.168970160647
0.18668664275 -0.0576896772089 0.0585230583904
0.0641801826922 -0.00518925076762 -0.0289735947063
0.116667775878 0.064803762831 -0.203951746453
0.256640449553 -0.00519552065317 -0.0464470987333
0.0466360157211 0.0647974929454 -0.11643481628
0.134121696518 -0.0226999072015 -0.116422650034
0.134107569265 -0.0226975193089 0.041072606198
0.256580285332 -0.11018571473 -0.273897842631
0.291549491449 -0.00518540879519 -0.22137466451
-0.180930354205 -0.075177335169 -0.0988644091704
0.0990585621796 0.152306098845 -0.273835303858
0.0815500201646 -0.215170385972 0.07615579083
0.0990395524203 -0.0751628077107 0.0586496300375
0.0465347837497 -0.0226605403243 0.0411453902312
-0.0409607054161 0.0473343008792 0.0936354847014
0.116526650093 -0.0401612649927 0.0586293529608
0.0640200471471 0.0648316571516 0.093619476483
-0.268450912908 0.0473267236558 -0.151363895129
0.0290453382053 -0.0751650755417 0.00613520307519
0.116532866618 0.099823995144 0.286104429351
-0.0234643396522 -0.0401714435516 0.0585986171814
-0.303431724983 -0.00517097471824 -0.0813923992439
-0.180912985288 0.169810752197 -0.011391234794
-0.12839959886 0.0648041630364 -0.0288882175414
-0.180880435244 0.327269082805 0.181092223974
-0.0408764488264 0.204747835156 0.111080600821
-0.0758683832783 -0.0402473625275 0.111068861461
0.0291283074674 -0.0577412370124 -0.0289277044802
0.0116271158926 -0.00524081057115 -0.186407806265
0.0816183619171 0.0297559697019 -0.238882532846
-0.00588081247402 0.117243431413 -0.011381629863
-0.303348162083 0.0647367284163 -0.063874712534
-0.110836969077 -0.110251255045 -0.116362459132
-0.12832342642 -0.162733999075 0.128623473795
-0.145808029479 -0.00523382031577 0.023621300234
0.0116903683657 -0.127720090008 0.0411167888809
0.0816816077201 -0.110208526442 0.0936068833512
0.169163593287 -0.0926988038204 0.0760988015724
0.116651434155 0.0297977778324 0.0235965408561
-0.00584766212168 0.0822890062181 -0.273874150468
-0.215824455097 0.0997784517626 -0.0638676689179
-0.128311153453 0.047273603051 0.163614451088
-0.0233089398718 -0.00522572282528 -0.0463800776588
-0.128295198595 0.0822654207763 -0.0288771185099
-0.0407910983418 0.239739826303 0.076114382905
0.099198127164 -0.0402552999358 -0.0288822411398
0.0816895718088 -0.0402510577579 0.0411131603514
0.0291866240731 -0.0927411722385 -0.116374198492
-0.0233108008272 -0.355203157167 -0.0988637688417
0.134174710401 -0.197682714672 0.02363346648
0.2041530498 0.274787259248 -0.291335274806
0.326618375406 0.117275287768 -0.116323399079
0.519063334408 -0.250197515159 0.0936662204808
0.396521836363 -0.337661778294 0.216143178726
0.0815139816629 -0.075154470097 -0.0638495262704
0.064007287263 -0.215131486001 0.00614971719324
-0.0584862728385 -0.19761073105 0.128635853483
-0.320951866286 -0.0401068770706 0.0586297798466
-0.425906788922 0.152376641728 0.0586235900022
-0.163390202628 -0.0751149164573 0.00612325027209
-0.303357927096 -0.022612662411 0.058616759829
-0.285827887378 -0.302580141123 -0.0463779432296
-0.128314755302 -0.267552078123 0.0761135291334
0.0116836982747 -0.215029567011 -0.133871821569
-0.0583100023433 -0.494976781986 -0.27384277436
0.0116886074617 -0.214954835311 -0.203821332834
-0.0583050931563 -0.179935977037 -0.221298038504
0.0291916333115 -0.127422670649 0.00620094349222
0.151675361699 -0.0574167904453 0.128687079782
-0.145808589766 0.0650760626265 -0.0638057704733
0.116678514725 -0.0224213642008 -0.0113045769716
-0.250794221501 -0.127407716305 0.128681530267
-0.0407904179925 -0.162390529408 -0.221294409975
-0.163272942428 0.100098309307 -0.0112934779401
0.116714106331 -0.0223990327361 0.181186992627
0.151698066689 0.117588261778 0.0586810061456
0.431652005116 -0.00491093454998 0.163663542958
0.431606541775 -0.144895360925 -0.0463309857889
0.379066741787 -0.144880113097 -0.02882802664
0.186547558012 -0.109868631944 -0.221304441792
0.116535454613 -0.232343869305 -0.238779226476
0.151519414971 -0.109832600112 0.128706503087
0.0115185401511 0.0826582624566 -0.168775073825
-0.163463840433 0.0301552013294 -0.256248034759
-0.198442864924 0.0651482596917 0.0587450390194
-0.145927637551 -0.092341647127 0.041240799213
-0.0409235663494 0.117645491159 0.00624043043102
-0.12840984412 -0.0748461784903 0.041235890026
0.0815810761084 -0.144830767764 0.251209074482
0.01158001838 0.257641176648 0.128695830942
-0.00591931890944 0.117629122756 0.163678483962
0.0465756580675 0.0476242630757 0.0936687817958
0.116563215532 -0.0748675628021 -0.116318489892
-0.0409321040659 0.187612064517 -0.0988080602415
-0.0409277951871 0.117599854397 -0.0113069248436
0.256544506964 -0.127386171911 0.128679182395
0.326509973087 -0.179867115017 0.163661835415
0.15149441547 -0.144851951973 0.198640859906
0.13398037063 -0.249825404122 -0.116346237471
0.0989700233915 -0.23230099396 -0.0463414444916
-0.181010261895 0.240172635169 0.0236558779858
-0.163493095452 0.0651661755561 0.0586494165946
-0.110981536629 0.0476612020398 0.076141276712
-0.198460447284 0.187641119434 -0.0988477606232
-0.163443309893 0.240115725953 0.0236494746984
0.396513645491 0.0651092663396 -0.0288474499451
0.291483217425 0.135094876137 -0.0813388250728
0.308950638329 0.0300919688666 -0.0288359240278
0.658880448221 0.0475869105661 0.00616337753963
0.5713205093 -0.214889841944 -0.0813279394843
0.553762268437 -0.284859683646 0.0236693248893
0.308730338563 -0.42481468158 -0.133816326411
0.396188411853 -0.0748075986839 0.00618280084466
-0.128796789439 0.135177665307 -0.15130092947
-0.461247465748 0.292646507978 0.05869231862
-0.111236560889 -0.0398485311054 -0.116295011172
-0.286206028177 0.100140597684 0.00620414513591
-0.216183439395 0.275111238908 0.128690281426
-0.093673857735 0.117599227408 0.111178571118
-0.233648939313 0.030096251065 0.251151871781
-0.0586431667193 0.310062969387 0.286121718227
-0.146127580199 0.380022805953 0.146106582753
0.133857680976 0.309990318755 0.25107994152
0.23883229372 0.169972768708 0.216057161232
0.69375819405 0.0999623861924 0.0585512328549
0.833670076515 -0.250010485807 0.146035719706
0.53611432819 -0.0925011023227 -0.0114625247268
0.22109182597 0.0824898159782 -0.046457557436
-0.23388249922 -0.0400056917899 -0.273928364968
-0.0763748366189 -0.0225033529595 -0.0114275200892
0.16860685413 -0.0225009784071 -0.0114262394317
0.116094748359 -0.0574948438504 -0.0814175855075
0.081086288757 -0.249968064028 -0.0464127344244
0.133572121039 -0.0749605838914 -0.186392865261
0.0110712238375 0.0125378901402 -0.0288901385276
0.0110700565715 0.030034686125 0.111097676254
-0.163912283992 0.20501270447 0.0760896235272
-0.321378085102 0.100002406738 0.0760815126965
-0.461329161022 0.222478697974 -0.0639112112721
-0.268801332809 0.187459052629 0.0235860821534
0.133683644961 0.292428049157 -0.0289108424901
-0.0238134788963 0.0999179367059 0.0935789223296
0.151170195686 0.0474130746541 0.111067153918
0.273641097488 0.204891148731 0.0935573645955
0.413597242678 -0.0751002956177 0.0935475462215
-0.00640111292355 -0.19757922154 0.00604726459526
-0.198879729205 0.134905792397 0.128533400885
0.133605444814 -0.00509333485884 0.111021690577
0.0286026709451 0.029903432074 0.128508214622
0.448554442631 -0.00509594953452 0.0235060410612
0.396012908418 0.397361253977 -0.133979610239
0.500959906986 0.0298589825875 -0.168961836374
0.500907186587 -0.127627215661 0.181018372726
0.308375169556 -0.00512696545773 0.00601823635917
0.22085212958 0.0648660348007 -0.151465493955
0.0283495876817 -0.00513324868347 -0.186445799103
-0.269121390456 -0.005132701736 0.111041754211
-0.234096822584 0.0473621818596 0.198520691546
-0.199075949943 0.117349672623 0.111009097445
-0.391534289147 0.362310966233 0.110997358085
-0.181515668031 0.0473067133828 0.12848388213
-0.111504084899 0.134792307469 0.00598365860736
-0.251477265501 0.222268710169 0.075975431569
-0.233952695258 -0.0927207884404 0.0234731708527
-0.338916769258 -0.197699736744 -0.15151053041
-0.338881070931 0.0297966038963 -0.151494522191
-0.198860492663 -0.0401990043677 -0.133980464011
-0.233835781902 -0.215175935488 0.0235167132069
-0.338799855903 -0.232651413862 0.0235141518919
0.0461943689848 -0.197630687962 -0.0114845093468
0.0986838498067 -0.0576249373055 0.0235128712344
0.413639584415 0.239849109075 0.145997086538
0.413596042061 0.0473445728194 0.0584910419536
0.203575099754 0.0473395835913 -0.0115073477384
0.0635687287789 0.327304460968 0.0759843961714
-0.00643043464364 0.134790719987 -0.0990046411639
-0.373890244233 0.204769019365 0.0934850074482
-0.216367800711 -0.0227280683258 0.0934751890742
-0.461318648959 0.0997611362063 -0.0290214059187
-0.548760714031 0.099750637483 0.00597789564872
-0.338725524409 0.117238268763 -0.0990114713371
-0.32119177612 0.379697705717 0.215964953894
-0.251165478767 0.204676558563 -0.23900889105
-0.163648455212 0.187156884166 -0.273980018153
0.0288480635934 0.274627764031 -0.0814718000073
-0.00615121129362 0.0296252225778 -0.0464669489241
-0.146135504267 -0.0228722490131 -0.168949029799
0.168845990233 -0.00537173111757 -0.256421990732
0.116333857782 0.169610022478 -0.133908106864
0.133819741498 -0.0053890066533 -0.151392069593
-0.233654808993 0.34457391357 -0.256365001475
-0.00615469308113 0.292043291627 -0.116353067644
0.168827127216 0.327008735813 -0.0813445880315
0.256299954747 0.30947621482 0.146139452961
0.0637936709282 0.134462471468 0.00613925849053
0.0987831874721 -0.0405328424229 0.0586327680474
-0.0237140278392 0.0819582497449 0.16361530486
-0.233688933179 0.0294552686588 0.146099966022
-0.33865303386 -0.0405402995847 0.128586548171
-0.44360611555 0.0819507925832 0.146071151229
-0.408563191588 0.029447811497 0.0935614200108
-0.128550289556 0.0469428332376 -0.20391631493
-0.076042412623 0.151926597347 0.181063836066
-0.058536291851 0.22190306912 0.111052212914
0.0289604612971 0.204381607139 0.0760441601868
0.256432929682 0.291850686079 -0.0464505138199
0.238907825831 0.134336886994 -0.0814419179995
-0.0935815503455 -0.00566217356068 -0.221418420307
-0.0585754719656 -0.0756540465737 -0.0814101150056
0.0289212878526 0.169327570804 0.0935795626584
-0.0935685770185 0.064321021664 -0.0639131322583
-0.0410643786408 -0.0231763251223 -0.0464082521232
0.203913593532 0.0643166861048 0.00609102039232
0.291382712493 0.169298635949 0.0235884300255
0.0638765134586 0.151782683463 0.111076331963
-0.163605726609 0.11677048194 -0.0289202339782
0.0463888955191 0.116758195632 -0.0114189823727
-0.0936009269599 0.0992477793215 -0.02891596512
-0.00610049192155 0.116735463962 0.076075536295
-0.216077251546 0.221711864291 -0.0814154510784
-0.321043219853 0.256684738958 0.0760759631808
0.133941630741 0.0466803384758 0.0410717524264
0.168923763494 -0.0058189206995 -0.0114266663175
-0.181056365564 0.0116798096117 -0.0289236490648
0.0464382208421 0.0291766989777 0.0935661157549
-0.163544068288 0.0291736307358 0.198545024038
-0.181024989456 -0.00582567083161 0.041041016647
0.0114733636247 0.0816655394709 -0.116446342197
-0.0235240769874 0.18664563503 -0.0464415492175
0.0814670975931 -0.0233514150114 0.0410538232217
-0.0235301801206 0.186628439536 -0.186425948913
0.116457227785 0.274099386102 -0.0814175855075
0.343920511455 0.0115987680058 0.0410777288279
0.308888046195 0.151582487352 0.198556549955
0.0638819095622 0.151566532494 0.0585505925261
0.343845059385 -0.250906118948 -0.0464441105325
-0.0236515957874 0.134078861194 -0.0464392013455
-0.058645341169 0.204057240613 0.146044897751
-0.146129754649 -0.00594165037415 -0.116442286782
0.0288667998791 -0.0759334967068 -0.0464374938022
-0.0761249483292 0.151550017348 0.0410578786371
-0.0411207008893 -0.0584433441327 0.0585516597407
-0.146105075312 0.0640496290008 0.0060513200106
-0.216082160733 0.0990391121942 -0.01144737028
-0.251055662389 0.221515510152 -0.116435029723
-0.00605558886885 -0.0234814417656 -0.168917226805
0.238918684739 -0.00598085716913 0.0585759922327
0.116406721856 0.238993416439 -0.028920660864
-0.0585867043989 -0.0235035064267 0.0760708405509
0.0989025154004 -0.145987855132 0.111059043087
-0.163579646553 -0.0759800139216 0.128545567131
-0.251053021033 0.134005370131 -0.133939696415
0.0464414024755 0.0639988029073 0.0235574808031
0.203919569934 0.256471349406 -0.0814338071689
0.308886792218 0.343934945532 0.0585595571284
0.0113862989267 0.0114345236847 0.21603645727
0.221362524944 0.203912619699 -0.133948661017
0.18634295964 0.0989024420294 -0.0289458471277
-0.163638983683 -0.146081596592 -0.0989352722173
-0.251112331482 0.0289149512661 0.0585580630281
-0.0586066279607 0.151398726344 0.0760499231455
-0.163589158103 0.0638922015127 -0.0989391141898
0.0464054706953 -0.023605105253 -0.203917382144
0.0464005881886 -0.041100747312 -0.13390341112
0.046395705682 -0.00610018509737 0.0935861793887
0.0638889398382 -0.00609954476863 0.111074410977
0.0988784430419 -0.0760913777611 -0.18640524495
0.0988680376999 -0.0760833736519 0.00609379515018
0.203846332335 0.0289133371041 0.0585873047071
0.0113455913612 -0.128572754422 -0.0114110849849
0.0113443974149 0.0289238358274 -0.116398744427
-0.478604056419 0.203901974234 -0.116386578181
-0.321070647267 0.186382379878 -0.151370511859
-0.216048143269 0.133868406482 -0.0638640403884
-0.0760404649564 0.13385431925 0.0236332530371
0.133944952446 0.0463496487036 -0.0638599849731
0.413900731819 0.0463447661969 -0.046355104838
0.238875969476 -0.0236525696206 -0.116342822384
0.256348966576 0.133832961618 -0.0638362928098
-0.023647907227 0.203811367718 0.0936534139061
0.133837644022 -0.00618749658874 0.0761453321273
-0.0236595065153 0.0813037403941 -0.0463493418794
-0.0411551318991 0.0987932793198 0.198629120546
-0.0761470330005 -0.00620581265866 0.163611889773
-0.0236446655628 0.221270357626 -0.0288845890118
-0.0236421776188 -0.00622845094756 -0.273855367492
-0.0761340396632 -0.251201443898 -0.0463508359798
-0.268605312175 -0.111190070355 -0.15133465345
-0.128592097686 0.0288065756273 -0.0463299185743
-0.111080454079 0.221282830697 0.00616935394118
-0.0235781714255 0.0812746187767 0.0411648135362
0.0989111264879 0.0287717043915 0.163647321297
-0.0410842221615 -0.0237256738182 0.163630032421
0.151399380013 -0.0937156458552 0.111118380217
0.186379671821 -0.128702007446 0.0236161776041
-0.198598518168 -0.0586959938401 -0.186363837025
0.0463960325165 -0.0761879339986 0.111123716289
0.0638892666726 0.0288087900976 0.0586176136006
0.18636935986 -0.0586848281078 0.216094513742
0.0288666931576 0.0813062883689 0.163577312022
0.221342954897 -0.0236909760047 0.111065659817
-0.00615588035733 0.0288058685977 0.128552183862
0.133829719954 -0.023691509612 -0.0464424029892
-0.408626023845 -0.146175831637 -0.0814338071689
0.0288699281518 0.0113226128977 -0.343896872652
-0.146114293378 0.0638157622697 -0.0463926707906
-0.146098898808 0.168797765475 0.0411027016487
0.02889764905 -0.0586955402739 -0.0813883438285
0.0463927241513 0.0288012262143 0.111099383797
0.151376541621 -0.268669798614 -0.0638932820674
0.0113756668016 -0.251143387426 -0.168875391994
0.256348112804 -0.0586376705643 0.0586178270435
0.256321138956 0.151345912563 0.233592990589
-0.0936682014979 0.221322437697 -0.151390148607
0.133817180183 0.168804809091 -0.116378040465
0.116304962948 -0.19867343663 -0.0113769341189
-0.268665849921 -0.268644985876 0.0936128597527
-0.0411620421134 -0.0761374147293 -0.133872461897
0.0813291067502 0.133847996003 -0.116360324703
-0.00617004096056 0.0113470921317 -0.151344258381
0.0463249626967 0.0113458915153 -0.0463395235054
-0.233649793085 0.238820207515 -0.326304480923
-0.128636493812 0.151304491298 -0.238779653362
0.0988525697589 -0.268666250126 -0.18626010377
-0.0936371188737 -0.0936568023123 -0.0637536904027
-0.251110303774 0.186322936027 -0.0462488102676
0.0813803397193 0.151307092634 -0.0287458511188
-0.146103754634 0.168789294459 -0.186225952904
0.098885266545 -0.0937002512852 -0.0987156394604
0.273856034501 0.168781383731 0.0412796458231
0.238830986382 0.0637749012921 0.0587734269267
-0.0586621564684 0.0637681911805 -0.0462212761319
0.0638308433454 -0.198710282213 0.12876455956
0.133816593215 -0.0237081848395 0.198743525947
0.133802505983 0.0812830230914 0.0062434186318
-0.00619651455179 -0.041212364615 0.111231291517
-0.128682677522 0.133773130902 0.00623103894288
0.0988063860487 0.0112722403704 0.023728448576
-0.0411889492605 -0.0237251802314 0.00622783729919
-0.076180850362 0.256247180987 0.0762193968179
0.0638121070598 0.0287446905229 0.0237171361017
0.238786563576 0.151228492281 -0.011281525137
0.203765197348 0.081220110793 -0.0812728712129
0.011264449704 -0.0762714968989 0.0937168064511
-0.198714150866 -0.251244639407 0.268688128025
-0.391172503411 -0.128731369187 0.00618813691748
-0.33863697228 0.186248284368 0.0761796964362
-0.0411333473818 0.273719270955 -0.098809340899
-0.00613278183215 0.0462149262053 0.00618984446078
0.0988565651434 -0.0587786362678 -0.0288071092346
-0.0236406568381 0.0287181302205 -0.273777887715
0.0638524144198 0.0812094653277 -0.133764032898
0.32631744758 0.0986990175936 -0.168746259032
0.203796279972 -0.111288774362 -0.238720956561
-0.233678100951 -0.0237864650277 -0.151205093602
0.0288182549567 0.0287103795747 -0.168687348788
-0.0936716032443 -0.216266281926 -0.116175269698
0.0113269551269 -0.0937566935953 -0.0286724267569
0.0288238845135 0.116230591433 0.0238249247724
-0.0936659736875 0.0987202284831 -0.116162676566
-0.0586598819674 0.168702329813 -0.203641187015
0.0288368845209 0.16868457403 0.0238558739947
0.168818789602 0.30865173821 0.181336402665
0.0638123138326 0.0811437382509 0.268807869498
0.0988018303765 -0.0413516361154 0.163790754934
-0.0586916249305 0.0811395494337 -0.203687077242
0.0812994915461 0.0636328817142 -0.0111861161552
0.0812909338194 0.0286299516173 0.00631321446417
-0.00620820722134 -0.0938598799033 -0.0111854758264
-0.146192493525 0.0986292884622 -0.151169235193
-0.0586865223109 0.081120806478 -0.291138266998
0.16879519082 -0.233853871189 -0.0111376646141
-0.146188704913 -0.0938442985707 0.0238597159672
-0.111177077017 0.0286524031436 0.00635910469034
0.291291332247 -0.128833661703 -0.168622889029
0.0812832565446 0.0461610718904 -0.291091949886
-0.09370646781 -0.111326833901 -0.221068800816
0.203771387192 0.133658512058 -0.0985585454769
0.431225492816 0.0811501148579 -0.133544400141
0.0112252562493 0.098639680464 -0.25601730297
-0.00627404101964 -0.0938499814883 0.023979670884
0.0112247359822 -0.0588438697579 0.0589732094928
-0.198753851247 0.15113972671 0.0589670196483
-0.426208437118 0.116127591888 0.146451506499
0.0112893424837 -0.0238695743617 0.181432451976
-0.0587043114436 0.0811216469094 0.181413455557
0.256267991671 -0.0763699474422 0.146398145771
0.23874288782 -0.0238675599942 -0.0460964120281
0.203721521592 0.133617997925 0.111391373702
0.133707617268 -0.0763734559101 -0.0461032422013
0.0986972967102 -0.0763654117803 0.111384543528
0.0811887947157 -0.0413611476652 0.111372804168
-0.00631033298485 -0.0413567987658 0.111361064808
-0.181290845944 0.0111419067919 -0.0461335510949
-0.0762830561666 -0.0238555004696 0.00636572142063
0.0112155579369 -0.0238529925154 0.0238631310538
-0.0587780893203 -0.0238504845612 -0.0636301069564
-0.128764372797 -0.198829143235 0.198848326417
-0.0412602325232 0.0461654207898 0.356310392275
0.0987290463434 0.15114926494 0.14629547973
0.326194184298 0.0636427667891 -0.0636973414738
0.273665483341 0.0286398366922 -0.203675764767
-0.0238313013794 0.0811311851396 0.0763154461285
-0.0938212600764 0.203609464063 0.0763073352979
-0.14630573833 0.238584246375 -0.0461873387088
0.133679536185 0.186064790165 -0.0461824295218
0.0986692289672 -0.146419023156 0.0763090428412
0.116156966968 -0.128905498583 0.0238067821249
-0.093832665932 0.0460892350102 -0.0461881924805
0.186147072407 0.0110881458584 -0.0811795966602
-0.12883862425 0.0460832052479 -0.0986691089055
-0.0938288239596 0.0810745960874 0.0588242263399
-0.076320828892 0.0460698117052 -0.0111741633521
-0.0413165614418 -0.0414256207649 0.233800670543
-0.0938065591958 0.273544861415 -0.151182468653
-0.0413023341377 0.291014176625 -0.133668410473
0.0811888347362 0.116002367599 -0.0811599599122
-0.23378580958 0.0634957980037 0.0588334043851
-0.198764976959 0.185975931212 -0.186146338697
-0.181245929551 0.0459714145225 0.0413488013267
-0.181226853091 -0.0940183612658 0.111336945759
-0.286196476607 0.203459533757 -0.151146396801
-0.181177654499 0.0809512927849 0.0938431646552
-0.461128471324 0.238425818374 -0.0986458436281
-0.373589343088 0.255898842154 -0.151129748254
-0.373550016231 0.045894495033 0.00636934995014
-0.251023859395 0.0983840158754 0.268840312821
-0.093514382529 0.0108830805802 0.00634032171405
-0.0235120708235 0.0108819333246 -0.0286566319814
