0.314999263623 0.367499149787 -2.2574947582
0.0856576956641 -0.188446919789 -2.12431086314
-0.649340617249 -0.485946225804 -1.91431142521
-1.83487800501 1.32309590204 -1.37719546279
-4.23237231736 0.518097665312 -0.887196543047
-6.83292148904 -1.08604278839 -0.611545640415
-8.35083015235 0.136029022384 -1.18114334525
-9.2029156031 0.784163753878 -1.70448637013
-9.78008914395 -0.791314998578 -1.97697015347
-9.69411263127 -0.260709578597 -1.69550821418
-9.74699951612 1.33801214653 -1.38570874007
-9.49040442318 0.213424983236 -1.59637742826
-9.08502852124 -0.510592799067 -1.47711171863
-9.68002710659 1.01190371292 -1.24961230975
-10.5025251008 1.01190371292 -1.24961230975
-11.2200236963 -0.248093421609 -1.45961185441
-11.9725218067 0.206905502877 -1.52961163148
-13.1450183661 0.836904056803 -1.51211166053
-13.8975173303 -0.108093747405 -1.66961139906
-14.510016527 -0.388093109152 -1.61711148622
-14.8425144809 0.626904565508 -1.70461134096
-14.7550148396 0.294405304257 -1.65211142811
-14.7900160621 -0.685592401827 -1.52961163148
-15.2800143949 -0.0380939103035 -1.51211166053
-16.1725114191 0.591904623612 -1.44211188346
-18.2725079329 -0.125593705013 -1.2321123388
-20.3900016429 -0.143093675961 -1.51211166053
-22.7349964693 0.381905105637 -1.77461101131
-25.0624906844 -0.00309399342021 -1.87961073027
-27.3724877033 -0.458092939584 -1.63461145717
-29.5949799583 -0.0905937897973 -1.30211222259
-32.1849748048 0.1019057639 -1.40711194156
-34.9674678377 -0.668092430879 -1.21461236785
-37.714959648 -0.283093336824 -1.42461191251
-40.2174531457 0.171905587661 -1.63461145717
-41.9849517056 -0.230593477341 -1.65211142811
-43.1049464312 -0.370593138204 -1.24961230975
-43.9099472292 -0.0205939526956 -1.61711148622
-44.8899438948 0.0494058844061 -1.66961139906
-45.5899410251 -0.265593392557 -1.38961197061
-46.2899415706 -0.40559305342 -1.07461270699
-47.0074376047 -0.0380939103035 -0.724613501472
-48.4249341843 0.171905587661 -1.12711261983
-50.2449328704 -0.440592995316 -1.87961073027
-52.8349243019 -0.213093506393 -2.43960937373
-55.599918431 -0.0555938712465 -3.15710775571
-57.7349144598 -0.283093336824 -3.97960596339
-58.7499123479 -0.230593477341 -4.78460420011
-58.3474102414 0.206905502877 -4.80210395762
-57.3149134495 0.206905502877 -4.45210496554
-57.2274121007 -0.0555938712465 -4.53960460684
-57.8924114236 0.154405643394 -5.012103609
-59.5899075384 -0.0905937897973 -5.46710242676
-60.8499037391 -0.195593535445 -4.38210508175
-61.6199033146 -0.0205939526956 -3.05210793002
-61.9174051685 -0.248093421609 -1.44211188346
-61.8999062648 -0.353093193936 -0.672113695349
-62.4774042389 -0.248093421609 -0.864613269057
-63.0199044055 -0.248093421609 -0.934613046127
-63.5623977419 -0.335593222988 -0.724613501472
-63.9648998485 -0.318093278721 -0.637113753453
-64.3323973174 0.206905502877 -1.37211199967
-64.2448959686 0.469404933697 -1.66961139906
-63.8773984996 0.294405304257 -1.82711081743
-63.2298980805 -0.125593705013 -1.28461225165
-63.5448988382 0.154405643394 -0.987112958972
-64.43739757 -0.178093591177 -0.969612988024
-66.0648912396 -0.440592995316 -1.14461259078
-67.1148937654 -0.00309399342021 -0.952113017076
-68.2873886173 -0.108093747405 -0.812113356212
-67.9023922446 -0.370593138204 -0.812113356212
-65.0498933515 0.206905502877 -0.304614492202
-57.7524133636 1.69440204629 1.11288216742
-52.4324256104 1.46690263741 -0.567113869661
-56.264917754 -2.10308908813 -2.10711013916
-60.867409473 -1.0180916364 -0.0071151995273
-61.6024044108 0.066905842014 1.11288216742
-62.0924010361 -1.92808959209 -0.654613724401
-61.9349040723 0.469404933697 -1.51211166053
-60.0274074524 0.924403858183 -1.38961197061
-58.2249110851 -1.47309056088 -1.49461168958
-56.7724132829 -1.0180916364 -0.934613046127
-55.3024199921 -1.15809129726 -0.287114521254
-53.5699226548 -2.29558876856 0.237884233664
-50.7349294957 -1.31559092907 -0.269614603666
-47.8299373065 -1.29809095812 0.27288414888
-45.3274438088 -2.89058735391 1.62038100475
-45.6949412777 -2.89058735391 2.32037952251
-47.6899358314 -2.29558876856 1.62038100475
-48.739934942 -2.54058814839 1.49788131483
-48.2149370942 -2.17308897192 1.27038179923
-47.3049394587 -1.70059007649 0.710383155778
-47.8474362102 -1.00059166545 -0.514614063538
-49.7024327038 0.084405806292 -2.22960993579
-52.3274253579 1.50190247258 -3.55960687408
-53.6399216849 2.2019007769 -4.36460532424
-53.84992219 3.00689901363 -5.20460307598
-53.3249243422 3.89939710509 -6.06210143899
-52.7999264944 4.65189521553 -6.46460013047
-51.0849280609 4.24939609717 -5.50210236866
-50.3674320268 2.53440001147 -3.7696067389
-51.224929536 1.97440136802 -3.43710729088
-52.3799254841 2.34190054448 -3.71710661261
-52.7124251456 2.55189998242 -3.99710614778
-52.0124280152 2.88439921699 -4.36460532424
-50.2974295817 2.83189930414 -4.24210531417
-48.9674343509 2.63939983716 -3.97960596339
-48.9849332546 2.7443994494 -4.18960561476
-50.6999316882 2.63939983716 -4.53960460684
-52.3274253579 2.60439989526 -4.29460544045
-52.5199269593 1.97440136802 -3.08710787192
-51.4699278486 0.416905020852 -2.03711046881
-49.8774319864 -0.91309191743 -1.00461292992
-48.4774343106 -1.63059019269 0.0278847156885
-47.357439585 -2.19058894287 0.570383494915
-46.9549374784 -1.78808982451 0.237884233664
-47.0424388273 -1.57809027985 -0.0771150299589
-47.7249370539 -1.96308953399 -0.024615143795
-48.4424365031 -2.20808891382 0.430383780691
-48.7749361646 -2.55808811934 0.640383271986
-49.6674314813 -2.64558797408 0.290384119828
-50.6999316882 -1.52559047373 -0.759613443368
-51.2074306323 0.136905672446 -1.77461101131
-50.3324308042 1.97440136802 -2.57960914131
-48.3199373468 2.46440012768 -2.99960823062
-45.0649431774 3.12939859682 -3.66460691321
-42.5799485834 4.02189668829 -4.15460567287
-43.0524463049 3.8293972213 -3.90960607959
-43.997445163 3.37439797665 -3.48960699028
-43.8224458804 2.30690060259 -2.78960857925
-43.3149469363 0.539404764128 -1.89711070122
-42.4574494271 -0.633092488983 -0.969612988024
-40.7949545349 -1.43809061899 -0.777113414316
-38.6249572836 -2.13808903002 -0.549613898713
-37.8024609969 -2.01558944683 -0.269614603666
-37.4874602391 -2.05058938873 -0.129614889442
-37.7499608706 -2.12058905908 -0.217114690822
-38.8349577887 -2.03308941778 -0.374614322633
-39.2374564802 -1.94558956304 -0.252114632718
-38.887457915 -2.12058905908 -0.584613840609
-37.8549611231 -2.52308817744 -0.40961426453
-35.7549663169 -2.82058747011 -0.0071151995273
-33.409969783 -3.29308647227 0.465383722587
-31.292476073 -3.83558493133 0.237884233664
-29.4899797057 -3.66058522185 0.447883751639
-27.8449854248 -3.573085794 0.220384276056
-26.0249884462 -3.13558673374 -0.112114945175
-24.2749939127 -2.3480886814 -0.392114293582
-22.2099986215 -2.40058859425 -0.689613666297
-19.0425058009 -2.20808891382 -0.619613782505
-15.122514016 -2.15558900097 -0.74211347242
-11.2550232113 -2.26058882666 -0.82961332716
-7.19774238384 -2.48710191585 -0.555174620189
-3.05456209663 -2.70884647692 -0.80045985344
1.01852449862 -2.87452833606 -0.697950319571
5.1943091512 -2.45424963653 -1.06015056229
9.36784038023 -2.00855586254 -0.900779249583
13.7253295178 -1.51855688943 -1.05827888139
18.3453192868 -1.13355774202 -1.2507784551
22.160310819 -0.591059069514 -1.56577771872
25.7478012348 0.0389394844115 -2.03827650744
28.7052952578 0.878937529632 -2.45827559675
31.7502889222 1.63143574679 -2.61577533528
34.602780985 2.68143336335 -2.30077607166
36.580276635 3.20643206491 -2.59827536433
39.2752717341 2.89143301473 -2.66827503468
41.7777652318 2.34893412878 -2.68577500563
44.2802587295 2.82143313093 -2.86077471511
46.3277534094 3.1539323655 -3.43827332951
49.6527466089 2.96143289852 -3.24577386253
53.4502375299 2.92643295662 -3.15827400779
56.2677317853 2.69893312085 -3.24577386253
58.3677231765 2.61143347956 -3.36827344572
60.01272258 2.99643241353 -3.6307727965
61.2027163356 2.92643295662 -3.42077357201
63.2852156532 2.55893378016 -2.61577533528
65.0352084792 2.086434778 -2.63327509279
66.6802078827 1.98143495231 -2.87827468606
67.6427022294 2.41893401257 -2.91327462796
67.9227051797 2.89143301473 -3.43827332951
67.7827071196 3.66143088267 -3.94577227356
68.2377059374 3.95893017534 -4.10327179865
69.427699693 3.78393089275 -3.89327214728
71.0201955552 3.31143189059 -3.6307727965
71.6501970706 2.38393407067 -2.56327542244
72.4901922611 1.07143710334 -2.12577636218
73.1726904877 -0.0485603169683 -1.44327792209
73.7676873655 -0.556059127618 -0.93577919148
73.8201909069 -1.23855756771 -0.113281063846
73.592691498 -1.6585565503 0.114218371716
73.4001898966 -2.09605550384 0.516717436718
72.647696055 -2.21855508703 0.709217010426
71.9476920945 -1.55355672461 0.464217577235
71.1251958078 -0.346059636323 -0.830779365791
70.0752001122 0.738937868769 -2.02077653649
68.2902026486 1.45643614403 -2.56327542244
67.3452072056 1.47393611498 -2.28327610071
66.9077072916 1.12393701618 -2.49327553864
66.8377048465 1.47393611498 -2.42327565485
67.100208893 1.70143563058 -2.30077607166
66.2252090649 1.26393667705 -2.30077607166
64.7552123591 1.52643602783 -2.52827548054
63.0052127029 1.82393542722 -2.10827639123
61.6052184422 1.47393611498 -2.4057756839
60.2402219889 1.57893594067 -2.30077607166
59.1202238482 1.42143630886 -2.10827639123
57.9477221662 0.983937248599 -2.03827650744
57.160227102 1.00143721955 -2.03827650744
55.9527310276 1.38643636696 -2.17827627502
55.2002337709 0.878937529632 -2.31827582916
54.097734534 1.05393713239 -2.23077618787
52.8377383333 1.2464367061 -2.17827627502
51.54274091 1.00143721955 -2.33577580011
50.0377463967 0.703937926873 -2.28327610071
48.8652481297 0.913937471528 -2.42327565485
47.237751045 0.966437277651 -2.23077618787
45.3827545514 0.966437277651 -1.8982769533
43.6852618517 0.878937529632 -2.09077642028
42.0227635444 1.08893707429 -2.02077653649
41.0602657826 1.03643716144 -2.02077653649
40.3252674297 0.686437955924 -2.19577624597
39.1702714815 0.878937529632 -2.09077642028
38.0852745634 1.03643716144 -2.16077630407
36.8952773927 0.983937248599 -2.10827639123
35.2852792117 0.931437335755 -2.16077630407
32.8352858403 1.07143710334 -2.4757755677
29.4927937371 0.983937248599 -2.38827571296
26.3078003052 0.89643750058 -2.4757755677
22.4578092579 1.03643716144 -2.19577624597
18.1528193929 1.17643682231 -1.88077698235
14.2153287043 0.8089376992 -1.8982769533
10.2327776556 0.997485857631 -1.92683945695
6.00857081033 1.1649331031 -1.92053734152
1.80476804024 0.832040493239 -1.94863112454
-2.97866371795 0.985839238392 -2.07892286814
-7.67852254411 1.03361096384 -2.41204962487
-12.3160120706 0.998611021943 -2.63954946064
-17.0585009959 1.24361040177 -3.00704821022
-21.6259897848 1.38361006264 -3.44454727048
-25.7384814635 1.57610963634 -3.53204691178
-30.8484670039 1.34861012074 -3.54954709617
-35.3984551816 1.13861068281 -3.39204757108
-39.6509483354 0.841111336771 -2.90204881142
-43.3084377813 0.281112639958 -1.86955116581
-46.0384306879 -0.226386170692 -1.15205278382
-49.2059235085 -0.313885945391 -1.02955309391
-52.0759178902 -0.401385746771 -0.924553268221
-55.1734116808 -0.0163866527168 -0.697053859339
-58.5509084216 0.018613262499 -0.749553665462
-62.0333951698 -0.208886199744 -0.697053859339
-65.0608899304 -0.226386170692 -0.784553607358
-67.4058864643 -0.628885209014 -0.959553210117
-68.7008804725 -0.401385746771 -1.04705306486
-68.9108809776 0.123613021487 -1.08205290003
-69.2608795428 -0.296386001124 -1.2220525609
-70.3633787798 -0.698885092806 -1.08205290003
-72.3408710146 -0.366385858236 -1.29205244469
-74.3533678871 -0.313885945391 -1.25705250279
-76.1383653507 -0.331385916339 -1.39705227038
-76.7858657698 -0.506385519099 -0.924553268221
-76.7158633247 -0.943884472637 -0.679553888391
-76.0508640018 -0.313885945391 -0.819553549254
-75.455867124 -0.121386398364 -0.942053239169
-75.1408663663 0.018613262499 -1.15205278382
-75.6133640878 0.17611289431 -0.942053239169
-75.9283648455 -0.436385688667 -0.994553152014
-76.260864507 -0.173886284528 -1.187052619
-75.7183643404 0.0536131843849 -1.02955309391
-74.213369827 -0.681385121858 -1.09955287098
-72.533372616 -0.366385858236 -0.907053297273
-71.1158794515 -0.121386398364 -1.15205278382
-70.3983765872 -0.121386398364 -1.46705194073
-69.8733821545 -0.226386170692 -1.53705182452
-68.7708829176 0.141112979095 -1.55455179547
-67.6858825844 -0.0688865388807 -1.41455224132
-65.3583917844 0.141112979095 -1.04705306486
-62.4008994689 0.0361132201069 -1.20455258995
-59.3384069009 -0.24388611496 -1.30955241564
-56.9934069518 -0.0688865388807 -0.784553607358
-55.1209115545 -0.173886284528 -0.749553665462
-53.7384127824 -0.383885775823 -0.819553549254
-52.9334153994 0.368612441337 -1.20455258995
-51.655920295 1.03361096384 -1.90455110771
-49.9234229577 1.68110935531 -2.09705057469
-46.9659306422 1.87360892902 -1.7470514759
-45.1459353711 2.03110866755 -2.07955081719
-44.2359377356 3.02860637126 -2.76204904383
-44.0434361342 4.30610318326 -3.2345476191
-43.7284387916 4.32360336765 -3.51454715427
-43.7284387916 5.21610124567 -4.05704604022
-44.1484363868 5.81109983102 -4.17954562341
-44.3934346994 5.54860048025 -3.95204621453
-44.1834376093 4.74360224352 -3.33954744479
-43.7109364727 3.69360484041 -2.69204916004
-43.0809383724 2.43360778591 -1.7470514759
-42.8359400598 1.43610997548 -1.39705227038
-42.4859414946 0.648611816425 -1.20455258995
-41.9259424242 0.158612936702 -1.06455292908
-41.6809406965 -0.24388611496 -0.76705363641
-41.5934427628 -1.10138410445 -0.469554343735
-41.6634417928 -1.67888271885 -0.172055051061
-41.5584415402 -2.36138126566 -0.049555307785
-41.7509431416 -2.78138014153 0.195444098726
-41.9259424242 -3.23637895929 0.265443929157
-42.1184406106 -3.48137855257 0.720442880324
-41.5934427628 -3.48137855257 0.457943476184
-40.9809435662 -3.30637884308 0.282943900105
-39.8609454255 -2.60638043205 -0.154555080113
-39.1259470725 -1.67888271885 -0.277054770028
-38.3734498159 -1.0838841335 -0.714553830287
-37.5684524329 -0.506385519099 -0.802053578306
-36.7109549237 0.018613262499 -0.749553665462
-35.223455899 0.26361269569 -0.942053239169
-34.2259603297 0.26361269569 -1.13455281288
-32.7559636238 0.193612865258 -1.44955196978
-30.9009671302 0.35111249707 -1.29205244469
-28.2759761838 0.403612356553 -1.37955229943
-24.8459827317 0.228612780474 -1.43205221227
-20.5409928667 0.193612865258 -1.51955185357
-16.0085035928 0.333612526122 -1.39705227038
-11.8610132528 -0.0163866527168 -1.50205188262
-7.05431813817 -0.341540916465 -1.40190372105
-1.61216046442 -0.71124439793 -1.23533756793
4.19510817305 -1.21021704468 -1.02088357641
10.4625907857 -2.05844728955 -0.862338928103
16.9200772908 -2.82844537094 -0.634839412499
23.5875608859 -3.38844422783 -0.949838782844
29.8700481084 -3.10844490611 -0.932338811895
36.5900301223 -2.98594510947 -0.984838618018
42.6100184209 -2.37344655317 -1.07233836604
47.930006174 -1.60344825834 -1.12483827888
52.5499933817 -1.09594952773 -1.54483736819
57.2049818119 -0.605950661351 -1.63233722293
61.8949680496 0.181547497706 -1.89483646699
66.0424609508 0.391547015681 -2.17483600216
70.0849467694 0.23404738387 -1.99983629268
73.7949397566 0.251547354818 -1.94733659328
76.752432072 -0.0459519645371 -2.22733570156
79.4999307125 0.251547354818 -2.17483600216
82.3349238717 -0.0109520493213 -2.15733581777
84.6799135755 -0.150951710185 -2.12233587587
87.1824070732 0.706546305984 -1.91233665138
89.4224033545 1.6340441259 -2.52483499424
92.0649017424 3.27904022109 -3.59233258174
93.919894821 5.16903580282 -4.43233033348
94.9698905165 4.80153662636 -4.92232952002
95.5473884906 5.06403597714 -4.69483011114
96.1248864647 5.23903568662 -4.58983028545
96.5098896675 4.20653804101 -4.51983040166
96.4223883187 4.04903851592 -4.22233110899
96.0723897535 4.03153875841 -3.87233169002
95.1448932142 3.55903975626 -3.48733275605
94.5148916988 3.06904078315 -3.10233382208
93.7973956646 2.63154193634 -2.69983470372
93.4998938107 1.87904361246 -2.43733535294
93.7098943158 1.24904508521 -1.8248365832
93.8323934721 0.584046562708 -1.42233757156
93.7623978572 0.216547426262 -1.10733830793
93.6923954121 0.0415478368426 -1.01983855991
93.0973985343 0.199047468654 -1.35233768776
91.7499009847 0.864045937795 -1.75483680613
89.6324038597 1.02154556961 -1.59733728104
87.409906482 0.549046674173 -0.914838840947
85.8524152575 0.321547185249 -1.10733830793
84.7499160206 0.619046451244 -1.35233768776
83.9099208301 1.02154556961 -2.05233599208
83.0174220983 1.72154398064 -2.38483522665
81.5999221037 2.21154284703 -2.06983617647
80.2524245541 2.17654290513 -1.77233677707
78.6249308845 1.72154398064 -2.03483623457
76.5424315669 1.7040440097 -2.38483522665
75.1774351136 1.93154331186 -2.55983493613
73.6549416965 1.65154409685 -2.64733457743
72.4124443995 1.10904531763 -2.34983528475
70.9424476937 1.14404525952 -2.34983528475
69.8574473605 1.0565455115 -2.01733605018
68.4049563885 0.706546305984 -1.75483680613
66.9174539487 0.846545966847 -1.92983640889
65.5699632293 1.16154523047 -2.19233575966
64.2224656798 1.37154477513 -2.13983606026
63.172463154 1.12654528857 -2.03483623457
62.1924699036 1.21404514331 -1.78983674802
60.3724746325 0.934045714866 -1.68483692233
58.867473289 0.829045995899 -1.75483680613
57.2224841307 0.689046335036 -1.94733659328
54.6499881879 0.689046335036 -2.24483588595
52.2174937202 1.0565455115 -1.98233653517
50.1350012328 1.16154523047 -2.12233587587
47.8775060477 1.02154556961 -2.01733605018
45.2525099786 1.14404525952 -1.98233653517
42.5575182946 0.934045714866 -1.73733683518
39.5475258529 0.689046335036 -2.06983617647
36.1350313045 0.636546422192 -1.78983674802
32.1100409747 0.689046335036 -1.73733683518
27.6825519533 0.689046335036 -1.57983731009
23.360061477 0.531546703225 -1.61483725198
19.1425712533 0.514046732277 -1.54483736819
14.6450814944 0.391547015681 -1.45733751345
9.88256393998 0.366172361962 -1.28960457465
5.13465185717 0.752488879033 -1.5708226554
0.109802291218 0.582463136462 -1.38356876143
-4.7749979884 0.501674620578 -1.09746796061
-10.462484918 0.624174310494 -1.09746796061
-15.8349710899 0.449174707734 -1.06246801872
-21.2424584843 0.519174591526 -1.2024677863
-26.9824455402 0.729174082821 -1.49996707897
-31.8649367944 0.939173574116 -1.95496589674
-36.9399228198 1.06167337075 -2.3574650151
-41.6299124726 1.34167269248 -3.12746309649
-46.1449028427 1.53417226619 -3.31996256348
-50.2748934252 1.23667286679 -3.37246268976
-54.1773845987 0.99167348696 -2.60246439493
-57.6773770808 0.624174310494 -1.63996663312
-60.2323672897 0.519174591526 -1.23746751475
-63.0673604489 0.48417464963 -1.11496793156
-66.5323551235 0.291675129284 -1.42996719518
-69.1923524151 0.0291757251444 -2.00746580958
-71.4323418663 -0.0408241052872 -1.95496589674
-73.1823415224 -0.285823538478 -1.04496804777
-74.2498361217 -0.495823029773 -0.519969239489
-75.5973336713 -0.425823199341 0.0225294330154
-76.6473293669 -0.390823310806 -0.887468415956
-77.4698324837 -0.35582336891 -0.484969404315
-78.5723248905 -0.0233241610195 -0.379969578626
-79.9723259814 0.134175470792 -0.537469210438
-80.7073209193 0.0641756403602 -1.06246801872
-80.6023206667 0.0816755979681 -1.46496713708
-80.4623226067 -0.128323906667 -1.37746728234
-80.3573223541 -0.180823792831 -1.34246734044
-80.8998225207 -0.0408241052872 -1.72746648786
-82.0373195651 0.0291757251444 -1.51746704992
-82.3698192266 0.134175470792 -1.46496713708
-82.264818974 0.519174591526 -1.07996798966
-82.1423198177 0.309175073551 -1.14996787346
-81.4423226873 0.15167544174 -1.48246710803
-80.7598244607 0.536674562475 -1.58746672027
-80.7423255569 0.23917524312 -1.51746704992
-80.8648247132 0.0116757675365 -1.2024677863
-80.7423255569 0.0641756403602 -0.992468134923
-79.4123269111 -0.128323906667 -1.13246790251
-78.3623312155 0.274175158335 -1.2549674857
-76.9623301246 -0.0233241610195 -0.992468134923
-75.6323314788 -0.0233241610195 -1.14996787346
-75.0723324084 0.23917524312 -1.34246734044
-75.0548335047 0.379174903983 -1.63996663312
-75.1948383949 0.886673714633 -1.70996651691
-75.334836455 0.764174024717 -1.91996595484
-75.1598337573 1.20167303162 -2.61996436588
-74.2148383143 2.84666934024 -2.51496475364
-73.0598423661 2.72416933016 -2.392464957
-71.5898456603 2.74166951455 -2.37496498605
-70.364847267 2.82916915585 -2.28746513131
-69.7173468478 2.72416933016 -2.02496578053
-69.3673482826 2.81166939835 -1.97246586769
-68.2823547796 2.37417033809 -1.83246631355
-66.9173514961 2.3216702118 -1.86746625544
-65.0273606101 2.91666879715 -2.32246507321
-62.9448612926 3.26666821611 -2.63746433683
-60.7923663601 3.30166815801 -2.28746513131
-58.972371089 2.84666934024 -1.86746625544
-57.082380203 2.37417033809 -1.1674678444
-55.9448797435 2.19917062861 -0.939968328801
-54.6323834165 1.93667127783 -0.957468193027
-53.4423862458 1.37667263438 -1.00996810587
-51.5348896259 0.781673995666 -1.1674678444
-49.99489389 0.48417464963 -0.537469210438
-48.314896679 -0.110823962399 -0.309969801555
-46.9499002257 -0.285823538478 -0.467469433367
-45.6724051213 -0.565822913565 -0.43246949147
-43.642409345 -0.933322036672 -0.43246949147
-40.9824154685 -1.26582127124 -0.414969520522
-38.0424220567 -1.52832062202 -0.18747011164
-34.9974283924 -1.75582013762 -0.239969917763
-31.9699370469 -1.89581958504 -0.18747011164
-28.7849419075 -1.80831994375 -0.257469888711
-24.8474512189 -1.77332010857 -0.0999702568998
-20.8399597928 -1.45832084495 -0.274969859659
-16.9724698418 -0.898322094775 -0.694968842249
-13.2099784359 -0.250823623262 -0.974968163975
-9.59122290221 0.405455356061 -1.36559953624
-6.11717867501 0.893734086012 -1.525296883
-2.49356219248 1.04623397768 -1.578843093
1.19082009985 0.613051106637 -1.37428901065
4.64345269457 0.377434730598 -1.17404113906
7.68076710978 0.0953841291018 -1.33777148965
11.3051378996 0.26469143617 -1.24108163687
14.7701283053 0.0546919181943 -1.31108152066
18.9001205953 0.387191152765 -1.55608090049
22.4176119811 0.50969084268 -1.88858002834
25.9351033669 1.38468880312 -1.99357985403
29.4000946264 1.96218752424 -1.64358075523
32.7950868559 2.08468732088 -1.57358087144
36.0325787066 2.29468675881 -1.90608021273
38.5875723306 2.41718655545 -2.18607932102
41.2650651108 2.67968590622 -2.11607943722
43.6100616448 2.46968646829 -2.15107937912
46.2525532025 2.50468641019 -2.11607943722
48.772549019 2.32968670071 -1.74858036748
50.4875440375 2.20718690407 -2.02857979593
52.4650396875 2.24218684597 -2.15107937912
54.1450368985 2.20718690407 -1.97608009652
56.1225325484 2.29468675881 -2.46607885618
58.0300257532 2.41718655545 -2.3435788461
