-2.67749384751 93.4847854675 -3.74499122158
-7.24498327676 98.0522725489 -4.84748875098
-9.58997810315 100.274769927 -7.08748332479
-11.2699736066 102.409759125 -9.69497750195
-12.3024712522 104.562254058 -11.444973743
-12.1099722121 106.032250764 -12.1974718534
-11.1649742078 106.924749495 -12.3549713785
-10.0974761934 106.837248146 -12.2674717372
-8.24248055359 106.29475481 -11.094974324
-6.15998550487 104.982255068 -9.37997845177
-2.48499416708 103.197257604 -7.13998345108
1.31249696733 100.729768744 -4.68998922589
5.49498703573 97.8772698512 -3.21999252002
9.74747762824 94.604776778 -2.43249425424
14.1049667658 90.5622909595 -1.90749555268
18.4099566308 86.5022994071 -2.62499393467
22.3824485419 82.424808951 -2.85249334355
25.8299391902 78.7148159638 -2.99249311114
28.5599338043 74.829827109 -2.20499484536
30.2049280852 71.1023352181 -0.804998130005
31.3249262259 67.1123461108 0.559998696814
31.5699279536 62.9123564983 1.38249674441
31.1324280396 59.0448597171 1.99499540742
30.2574282115 55.4923705239 2.06499529122
28.6999335719 52.0623804869 2.16999490346
26.8274381745 49.4373844178 2.50249413803
24.1849432017 47.3723908341 2.71249378941
21.3149505275 46.0948923146 2.76499348881
17.4824600915 45.1848946791 2.95749316924
13.1774693727 45.1498934565 2.88749328545
8.78497986642 45.482393118 2.11749499062
4.95248857666 45.2723960279 0.559998696814
1.50499654104 45.3073938354 -1.62749623096
-1.78499586277 45.9723931583 -3.28999240381
-5.23248768495 46.3048928197 -4.65498928399
-8.71497998263 45.849894002 -5.87998639658
-11.7074726669 44.9748941739 -6.82498397401
-13.8774673569 43.0848998728 -7.43748231686
-15.5574645679 39.3749068856 -7.94498126092
-16.5199623297 34.3524209865 -7.8924819884
-17.1674593338 27.5274353049 -8.13748115479
-17.3249597127 19.0224558274 -7.76998197832
-16.9049604099 8.59247997255 -7.03498362539
-16.2749623096 -3.3599922876 -6.47498498193
-15.6099629867 -17.0799596925 -6.22998538866
-15.1549641689 -31.2724260996 -6.00248597978
-14.3149664172 -45.4648942142 -5.28498781124
-13.7374684431 -58.8523649459 -3.55249175459
-13.8424678419 -70.8923347129 -1.36499677346
-14.2624671446 -82.0748103858 0.244999433191
-15.0849651389 -92.0322876654 1.20749714165
-16.2749623096 -100.747267648 1.34749690923
-17.3949587427 -108.412245105 0.699998357677
-18.689956166 -114.519731337 -0.367499149787
-20.3349521544 -119.734725668 -0.577498667762
-21.17495076 -123.759705753 -1.34749690923
-21.6999503153 -127.32970068 -3.06249278149
-21.8574489866 -130.689695102 -4.93498839227
-21.2274508862 -133.489683623 -7.12248326668
-20.2124529981 -135.992177121 -8.83747913894
-18.6724572622 -138.092182173 -9.46747809307
-16.9574605362 -139.562172048 -8.38248032117
-14.822466215 -140.472169684 -6.40498509814
-12.9149695951 -141.277173897 -4.37498974882
-11.444973743 -141.994669931 -2.51999410898
-9.81747751203 -142.169672629 0.559998696814
-8.15498091229 -141.837166137 3.28999240381
-7.08748332479 -140.787177272 5.87998639658
-6.19498544676 -138.809678207 7.75248222082
-5.91498633848 -137.14718673 9.0824791591
-5.31998775313 -135.362189266 10.0099765521
-4.61998934209 -133.489683623 9.93997666834
-3.63999139589 -131.529697122 9.57247749187
-2.71249378941 -129.219705226 9.92247691083
-1.73249594992 -126.314709622 11.0774745665
-0.839998071901 -123.252210224 12.1449717271
-0.402499065002 -120.592212932 12.372471136
0.647498498193 -118.264722132 12.2674717372
1.38249674441 -116.637228462 12.0224717171
2.04749532027 -113.837233111 11.3399734904
3.09749272338 -111.299741805 9.99247679463
4.91748863477 -108.937246368 8.76747925515
6.8074842165 -106.557252026 8.57498021505
8.67997961385 -104.439754901 10.1849766885
10.3599759711 -102.322264606 11.4099733742
12.5649710299 -100.117266133 11.7949723082
14.7174659624 -98.4022711141 11.3399734904
17.0099606625 -96.8622719631 10.8149747889
18.8824560599 -95.6022757624 10.1849766885
20.0724532306 -94.7972783795 9.86997678455
20.7024513309 -94.2722839468 9.69497750195
20.7024513309 -94.2722839468 9.78247714325
20.6149516896 -94.5697789706 10.5174754962
20.2124529981 -94.8147772832 11.7599727932
19.5299547715 -94.9722810771 12.6174703024
18.7599569035 -94.9897799809 12.5824707874
17.1849599451 -95.1647758484 12.2324713684
15.1024640426 -95.5322801475 11.2174734803
12.3024712522 -96.5297723017 9.76497738574
9.88747739582 -96.8972766008 9.0824791591
7.26248303427 -96.9147755045 8.99497866403
4.6374890996 -96.3372775304 10.0449769209
1.90749555268 -95.5147744136 10.7449749051
-0.944997790868 -94.2897828505 11.2699736066
-3.76249140597 -93.1697847098 11.6374727831
-6.85998391591 -92.1197890143 10.8324745464
-9.0824791591 -90.9997908736 9.30997856798
-10.6049751375 -89.8622938292 6.91248404219
-12.1974718534 -88.3222946782 5.35498769503
-13.7549682006 -85.8373000842 5.00498827607
-15.4524643153 -83.0023069251 4.89998845038
-16.7649606423 -80.2898129222 3.88499098916
-17.4824600915 -77.7173169794 1.66249617285
-18.3399576008 -75.2498281193 -1.29499699639
-18.7774558073 -72.204834455 -3.53499178364
-18.9699557012 -68.6348395278 -4.40998969072
-18.8999566711 -64.242348314 -4.96998833417
-18.4274572421 -59.5173642688 -5.26748762684
-17.6749582779 -54.8098722972 -5.19748774305
-16.1174619307 -49.8048853018 -4.44498963261
-14.7524654774 -44.6248956087 -3.21999252002
-12.9149695951 -39.7424077696 -1.97749543648
-10.4124760974 -35.0174168943 -0.962497761816
-7.87498137712 -30.0474311214 0.262499377459
-5.51248722012 -25.0599413222 0.629998527245
-3.11499269433 -20.5449526596 0.0699998371017
-0.909997848972 -17.0799596925 -1.31249696733
0.892497931384 -15.2424638102 -2.76499348881
2.65999387657 -13.142469004 -3.83249128976
4.75998910968 -10.7099753901 -3.90249074667
6.8949838578 -9.32747832549 -2.16999490346
7.84624427716 -6.35580102094 1.47331243479
8.33205912885 -2.55584526121 5.45107542535
8.59455890652 2.43164304391 8.33856913768
9.13705736558 8.48662936341 9.03856712184
9.9245558448 14.9091137922 7.13107135571
11.3595521819 21.9440965638 3.31608025034
12.409549585 30.1340786986 -2.21390694072
12.5495493526 39.0240579639 -8.37389223215
12.37455007 48.6140343595 -14.3063783281
11.4470518232 58.8515111743 -19.6613655963
9.41705690075 69.2464883679 -23.5463561586
7.59706077592 79.3964604188 -26.1888511314
5.75956532047 89.4064412397 -28.4463463165
3.53707050417 98.8214183528 -29.9688431486
1.89207430226 107.221397578 -31.3863397282
0.177078243243 114.588880011 -32.3838352975
-1.32791821776 121.676366324 -32.7163349589
-2.43041553372 127.468858629 -32.1563358886
-2.86791459398 132.246346215 -30.738839309
-2.46541547561 136.481340465 -29.8288416735
-2.32541592147 139.701329997 -29.1463434469
-1.52041779147 141.783822484 -29.0413431943
-0.190420879864 142.956317336 -28.5513448615
1.38457546493 143.148818938 -28.2013462963
2.87207203502 143.358819443 -27.2388485345
3.85206955435 142.046319701 -25.7338523136
5.04206715193 140.331331512 -23.6863559261
6.10956431255 137.758828739 -21.1488629134
6.59956349909 134.661345194 -17.9638694815
6.47706348901 131.651342507 -14.4813776107
5.86456514616 127.818864024 -11.1038859925
5.00706721003 124.161360918 -9.09139082758
4.60456809167 120.783867592 -7.28889531403
4.04456944822 117.948881263 -5.10140001273
2.76707220934 115.743882789 -2.86140543892
1.4895751839 114.396385239 -0.201411455631
-0.0154212771042 114.343881698 1.86358372886
-1.71291725845 115.131393838 2.31858254663
-3.11291397381 116.30388869 0.568586732478
-4.8279100595 117.511381349 -3.17640470254
-6.12290705589 118.736372912 -7.97139354067
-7.2429043428 119.961378135 -12.9938811474
-7.66290364555 121.081376276 -17.2113722249
-7.68040340306 122.411374922 -20.1863651516
-7.47040375168 123.531373063 -22.3913602104
-7.2429043428 124.283866904 -23.8963564313
-6.92790529262 125.036360746 -24.2463549965
-5.9654075308 125.106370021 -23.2488577196
-4.61791040813 125.281359058 -21.9713609077
-3.11291397381 125.281359058 -20.8338638632
-1.62541751043 125.806367151 -20.2388652779
-0.1379209937 126.733863691 -19.6613655963
1.22707583312 127.398863014 -18.7163684457
2.0670737983 128.448851879 -17.4563705375
2.57457274235 128.728861659 -16.4588732606
3.23957121149 127.993853061 -16.3013745893
4.25456867271 126.541362089 -16.581372417
4.86706744245 125.088857457 -17.8063708102
5.44456584341 123.881364798 -18.1738699867
5.67206567917 123.268862186 -17.2463717399
5.84706496177 123.338871461 -15.8813752866
5.07706709383 123.7063621 -15.4263764688
4.46456832409 122.323866743 -15.8813752866
3.83456979684 119.838872149 -16.7563734071
3.04707153106 117.318879748 -17.9463705778
2.60957268425 113.398886255 -18.6638683195
2.60957268425 109.461393859 -17.7013705576
2.50457285856 104.806405429 -15.8813752866
2.39957303287 99.171416918 -13.8513795104
1.99707412795 91.9614314487 -12.0838835118
1.20957586217 83.8939518852 -10.9288867099
0.474577615958 74.636471736 -9.84388893802
-0.155420964648 65.0114941178 -8.46139187345
-0.172920922256 55.0890214758 -7.28889531403
-0.172920922256 44.344045717 -5.59139877239
-1.22291849879 33.7040702107 -3.52640369462
-2.32541592147 23.169094957 -1.09390933365
-3.95291193899 11.6716219415 1.81108381602
-5.5485838317 0.564507464896 3.8287406709
-7.35107977214 -10.5479670969 4.65123866513
-9.10107601317 -21.7129395972 4.93123777342
-11.1835710619 -32.457915356 5.14123742479
-13.1960662268 -42.6603943633 6.2962346536
-15.1910616342 -52.687870673 7.66123196066
-16.6610566326 -62.5578431886 8.72872912128
-17.9560540558 -71.7803187002 9.88372677697
-19.1635518378 -79.9003018051 10.7587240437
-20.1085489884 -87.792785501 12.0712212245
-21.2810472553 -94.1802678534 13.3662186478
-22.1210441533 -99.2377583902 14.2762154295
-22.8210429912 -103.210248594 14.5912153335
-23.241042294 -106.86773804 13.6287175717
-23.4510410916 -110.000233053 12.2112209921
-23.1010425264 -112.50272655 10.1462257009
-22.2610439209 -114.742716002 7.45123230928
-20.5110476798 -116.545212369 5.68373631074
-17.9910535709 -117.717720881 4.77373824833
-15.3135607906 -118.470214723 4.77373824833
-12.4260683589 -119.030206963 5.08873772539
-9.13607552818 -119.327715647 5.24623725048
-5.96858270757 -119.047705867 5.70123606825
-3.308588831 -118.417718012 6.99623349152
-0.473595565118 -117.647711606 8.55372983868
2.431397798 -116.545212369 9.93622604948
5.09139167457 -115.320220806 10.3212258372
6.68388796363 -114.515216593 9.6037272418
8.76638215858 -113.920226545 8.29123006102
9.97387994055 -112.852725116 7.29373278419
10.5338781571 -111.190226808 7.83623124326
10.3938783895 -109.300235922 9.48122723172
10.3588788745 -106.570243016 11.9487212144
9.93887957177 -103.75274876 13.716217213
9.13388133504 -100.742752904 14.1187167582
8.03138465941 -98.2927629472 12.7537194511
6.85888724622 -95.8952628719 10.4962251198
5.19639150025 -93.9352695408 8.06373065214
3.93639401888 -91.957777306 6.2612347117
2.79889697447 -90.6452775639 4.63373848074
1.53889981325 -89.5252794232 3.54874113573
0.821401431269 -88.9652803529 3.35624166875
0.331402591567 -88.1427840662 3.3037417559
-0.421095652274 -88.0727816211 3.60124126202
-0.613595225981 -88.4402859202 3.9162403122
0.13890304454 -89.3502835557 4.73873830643
1.04890094687 -90.120276301 5.82373607833
1.80139927075 -89.5952818683 5.92873547713
2.44889776895 -89.1227841468 5.78873613643
3.18389590844 -88.5452861728 5.64873636884
3.25389579223 -87.0402848293 6.31373483799
3.21889585033 -85.7977875323 6.76873365575
2.85139667387 -84.6777893916 7.4162319405
2.18639820473 -83.8027963937 7.69623147567
1.59139961938 -83.4002942871 7.43373255178
0.768901625146 -83.0152979145 7.18873253162
-0.333595850894 -82.1227991827 7.74873160196
-1.78609242573 -81.4752987635 8.6062291112
-2.97608959643 -80.2328014665 9.34122746413
-4.58608606988 -78.7103080495 9.46372747421
-5.96858270757 -76.7328089844 9.25372782284
-7.07108023697 -75.0528117734 8.39623031359
-7.92857859998 -74.1953176793 6.96123312274
-7.96357811499 -73.5828150676 5.99873536092
-8.66357695291 -72.4978215645 5.78873613643
-9.53857507343 -71.6403206402 6.76873365575
-10.6235719916 -70.8353232572 8.18623066222
-11.4285702283 -71.0278248587 9.41122734793
-12.0235688136 -72.1128183617 10.1462257009
-11.9535689298 -73.4253181038 11.1787233465
-11.8135691623 -74.2828190281 12.7012201786
-11.4810703546 -73.8278202104 15.2912124639
-11.0960714206 -72.532819372 18.5112054108
-11.0085717793 -71.0803215699 20.1737020105
-10.5185725928 -70.047824778 19.4562025613
-9.71357435603 -69.3478276476 18.1787057493
-8.73357683671 -68.6478305173 15.9212122718
-7.6135795498 -66.477836681 13.5237181729
-6.77358094429 -62.8553450426 12.4562201585
-6.28358218463 -58.0603517222 11.9662218257
-5.89858282377 -52.1803717289 11.703722048
-5.636083473 -46.3178838092 11.3012233565
-5.26858429653 -40.6478974908 10.1637254584
-4.48108624419 -35.1879116777 8.27373030351
-3.02858950927 -29.7979214794 5.80623589393
-1.506093104 -24.1454340648 3.04124240512
-0.158596274815 -18.2829478526 0.118749097738
1.06640091782 -11.9654636765 -3.32874275112
2.31168428514 -4.82668020144 -5.94831587614
4.113223361 2.62436449152 -7.69042582845
5.39072059989 10.2718471001 -9.21292180684
6.56321758619 18.1118281084 -10.2629192099
7.28071618162 25.5143100565 -11.4354166231
7.87571476697 32.269296708 -13.1854128642
7.99821477705 38.184281339 -15.2504090092
8.15571430214 42.9442700218 -18.1904024209
7.78821512567 46.8992613216 -21.3753941453
7.5782154743 49.6292576433 -24.1228876631
7.5082155905 52.0442497921 -25.5753854653
7.54321595929 54.1267456946 -25.557884854
7.52571620178 55.8067429057 -24.0703875368
7.66571511559 57.6617359842 -22.6703915685
8.20821442843 59.289236484 -21.2703956002
8.31321382723 60.3042343721 -20.1678980708
8.71571337248 60.7592331899 -20.2553977121
8.90821241258 60.8642266123 -20.4653965097
8.83821252879 60.7067296485 -20.5003960247
8.4882139636 60.3392321796 -20.6753970149
8.19071467092 60.0417303256 -20.045397207
7.3857164342 59.5167358929 -19.1004000564
6.440718003 58.7117316798 -18.0154031383
5.39072059989 58.2392339583 -17.3329032041
4.35822295428 58.4842322709 -16.5454064324
3.50072459126 59.429234544 -15.9854073621
2.62572689763 60.7942309973 -15.3554092617
1.99572837039 62.3342233181 -14.5854096863
0.665731432103 63.6292241565 -13.9029114596
-0.104266809366 64.7317233934 -14.6029102975
-1.04926454687 65.9567149565 -16.212906771
-2.62426097171 66.9367150372 -18.4004012185
-3.63925843293 68.8617105608 -19.7478987681
-4.53175631095 70.9967065896 -19.7128992531
-5.0217554975 73.4116987384 -19.1878996977
-5.05675543939 76.0541971263 -19.0478999301
-5.35425473207 78.7141875878 -18.6629001424
-4.86425554552 81.8641815047 -18.9604002888
-4.32175708646 85.1716723854 -18.7504014912
-3.3067594118 88.3916687474 -18.0154031383
-1.81926273498 91.6641549904 -17.6129027393
-0.0167670079868 95.2866466288 -18.2429025472
1.43572951349 99.5216408789 -18.7504014912
