-0.139999674203 0.402499065002 0.822498100953
0.976497802607 -0.137052307726 0.805182331238
1.17864990514 -0.20269316698 0.61691575737
1.17096766784 0.28125716749 0.432612631624
0.546711928875 -0.118689440444 0.0637426980927
-0.0130070510019 0.140782369363 -0.434413903042
0.689659876688 0.497580892239 -1.12766148828
2.31976843545 0.435710835539 -1.17244736083
3.96695349442 -0.121671264611 -1.66171038277
6.09340711096 0.223521019757 -2.51756704962
7.72967371119 1.14391847443 -3.04703802052
8.66336265623 0.468837442353 -3.37691532236
9.45086028168 -0.00366145308073 -3.76191425633
9.02918502518 0.630282566401 -3.66558448175
8.06817794866 0.908249644797 -3.65694047068
5.94532554094 0.0325516316288 -4.00824061075
3.95282314673 0.0489978682687 -4.54059199375
1.9337419873 0.322070974157 -4.6848422635
0.231272119081 0.332422048278 -4.86031880444
-1.65806605848 -0.18852246524 -5.03210064858
-5.85464944222 0.260866432457 -3.05882412471
-9.51746386185 0.495216051491 -0.887248356314
-9.33422824415 0.142159663117 -1.7251463634
-9.90863641862 -0.220595477818 -1.63743306575
-11.0705573086 0.0924163521463 -1.29459305567
-12.5755535295 0.529915359045 -2.08209121473
-14.7455482195 0.23241601301 -3.42958791052
-18.0530408077 -0.117583165829 -5.66958248433
-21.6055334161 0.00491655076661 -8.94207470375
-23.7755272523 -0.0825832506131 -12.407066817
-22.7605293642 -0.852581492082 -13.14206517
-20.8880339669 0.23241601301 -13.6145637452
-19.6455366699 0.617415107064 -16.519557642
-19.383037746 -0.135083123437 -22.6795422931
-18.543040848 -0.292582741908 -31.377023372
-17.9305416514 0.354915729605 -40.8270017075
-17.3355430661 0.214916068742 -49.8744813516
-16.2680450517 0.179916153526 -58.3444596065
-14.9730476284 1.0899140025 -65.7294409434
-12.7855531809 1.91241221017 -71.6969291157
-10.8255581422 1.05491416732 -76.8769119786
-8.37556391704 1.66741272362 -80.1844096894
-5.10307127073 1.68491258785 -82.1968997317
-1.67307909934 1.42241323707 -83.9643982916
2.05441236473 1.75491247164 -86.1343921278
5.55440399303 1.70241255879 -88.6018878181
8.54689710417 1.68491258785 -91.8218773499
11.5218900309 1.70241255879 -94.5518770866
14.3918835589 1.36991343095 -97.4568658607
17.4893756419 0.687414990856 -100.85185809
20.1493695185 0.529915359045 -103.844355043
22.9318642589 0.214916068742 -106.399345252
26.099355372 -0.415082485184 -108.166843812
28.1643506632 -1.20258059088 -109.759339674
29.5118499203 -1.22008056183 -111.054333682
30.4218475558 -2.49757769399 -112.209329631
30.5793479347 -3.07507630839 -112.646829545
30.3518485258 -3.14507619218 -112.769328701
30.5268478084 -4.38757306228 -112.85683005
30.8943452773 -5.40257095038 -113.55682718
31.1568459088 -5.56007047547 -114.186828696
30.1943481469 -6.68006776238 -114.921830464
29.0043509762 -7.59006582479 -115.32433257
27.3593532802 -8.30756442022 -115.60432869
24.9793589388 -8.30756442022 -115.779331388
22.3543645773 -9.11256180318 -114.939329367
19.1343716304 -10.1275596913 -113.871834768
15.4943810883 -9.7950608836 -111.859331065
11.5918899147 -9.9175600399 -108.849342039
7.88189863503 -10.4075592264 -104.264349223
3.59440852751 -9.23506181326 -98.8743658554
-0.0980827545447 -8.8150625105 -92.7843785268
-3.52807473918 -8.83256312178 -86.484390693
-8.07806462437 -7.5025661835 -80.2719042081
-12.7330539084 -7.08256688074 -74.8294172986
-17.6505421162 -7.04756693885 -71.7669247306
-22.7780299755 -6.57506793669 -70.4369329149
-27.8355188047 -5.99756953573 -70.3494315661
-32.2630061185 -6.05006923513 -70.0869343498
-36.0779959432 -5.45507064979 -69.4219350268
-38.4054935734 -4.35257312038 -68.59943191
-38.7029920123 -4.38757306228 -69.1419320766
-39.9804871168 -3.77507471943 -68.5119373913
-42.7804824685 -2.72507710287 -66.6919421203
-45.6154756276 -2.63757724813 -67.5144384069
-48.5904668468 -2.90007659891 -70.7344279388
-51.9504612689 -3.51257515521 -75.6169157779
-55.5029538772 -1.65757951537 -82.774404536
-57.9704461524 0.424915560037 -89.4593887424
-57.9529472487 -0.0125834068413 -95.2693731207
-57.9004437073 1.38741340189 -97.876866871
-56.1329519776 2.92740967139 -99.6443654309
-54.6804541755 2.99740955518 -104.001852007
-54.1554563277 4.67740591243 -109.46183782
-53.4379568785 6.47990142598 -114.064322709
-51.4254634211 6.77740071865 -117.65182337
-49.0979657909 8.78989588358 -119.191822521
-46.315472758 10.6273917659 -119.156824714
-42.7104834385 10.9073913011 -118.579319909
-39.7704900267 11.4148902451 -115.026837546
-37.2154964027 12.0973884718 -109.706836133
-34.2055005459 11.5723897702 -104.001852007
-30.2680115649 11.9573887042 -98.8043634103
-25.4205232408 11.992389073 -93.7293739698
-20.1180360989 11.5548900127 -89.1618868884
-15.0255477547 11.2923902351 -85.39939719
-10.2305595569 11.4848901289 -82.3544035257
-5.40057056341 10.9598914274 -80.131906148
-0.343082187736 10.3123927157 -77.804415348
4.52190634743 10.6798918922 -74.8119183949
9.10689532074 10.2948929582 -71.7669247306
14.5143827152 9.08739517626 -68.5469351988
19.4318717768 8.5623964747 -65.466943727
23.6668626118 8.4748968334 -63.1394460968
27.849351613 7.56489919787 -62.1769517501
30.9643477224 7.16239965263 -61.5644491384
33.2218429075 7.12740013761 -62.3169498101
35.9868336216 6.47990142598 -64.0494437323
37.8768313377 6.37490160029 -65.8344411959
39.5218273262 6.67240089296 -66.8844368915
40.921825002 6.1299024339 -67.2344354567
41.2018211221 5.51740366416 -66.709441024
41.0443241583 5.1149045458 -65.029443813
40.4318249617 4.0474069583 -63.1394460968
38.5068294381 3.13740932277 -59.114459182
35.44433687 2.96240961329 -53.8819727777
30.9818466262 2.08741170621 -46.5844893747
26.0818564682 1.36991343095 -38.2895069873
21.059367154 0.91491450646 -30.2395263276
15.6343808558 0.424915560037 -22.7845425456
11.0843909707 0.00491655076661 -15.6095600064
6.20190227778 0.424915560037 -8.99457483004
2.61076540324 0.296049214888 -3.03188698883
0.230770848401 -0.438949084685 0.328105298775
-0.16811286719 -0.481102672513 0.0813563273917
-0.781309061646 -0.00842263074727 -0.194461114073
-1.58717430348 0.0945439244172 -0.190367172291
-2.05057466117 -0.0616303269593 -0.169227892964
-2.11019396236 -0.128859008048 0.314017853111
-1.56895417615 0.11369535654 1.18111549095
-1.15902980575 -0.162802847754 1.85864295233
-0.791998336062 -0.0394546422208 3.19003666103
-0.0558000470948 0.252612141467 4.97308453706
0.527846990502 0.0417155229307 7.09548786089
0.739444422161 -0.0962150089992 9.39591922225
1.31694319664 0.00878474998841 12.300913119
1.10694365199 0.113784495636 14.4884075665
1.70194223734 -0.42871423023 14.8384061317
4.20443648209 -0.0437151295054 13.3684102796
8.08942747125 0.603783362018 11.3734148722
12.3769175788 0.58628339107 9.7284188837
17.6094056906 -0.0087152076195 8.95842016199
21.5818958942 0.49878358969 10.9534155694
24.6268895585 0.708783134346 14.2084080313
27.619381389 0.201284297016 17.9009004073
30.1743767205 0.603783362018 22.1708890497
32.6593713145 1.21628202504 26.2308806022
35.2143649385 1.18128208314 30.8158665873
37.6468594061 1.40878149202 35.5933575889
39.8868556875 2.51127902142 40.7908461857
41.6893520548 3.01877775203 46.8108310692
43.5618474522 3.70127597868 53.3908150231
44.7693435266 4.82127326558 59.6558050494
44.6993444966 5.53877186101 64.3807959247
43.7193444159 6.02877062067 67.3557871439
41.9518492712 6.8862685568 70.5932755794
38.6618572943 7.72626716231 73.6557749777
35.1268670047 8.05876596999 74.8982654445
30.3843772257 8.77626456542 75.5282669599
25.4318869414 9.77376269602 76.3682621503
19.3594002241 10.0362616199 78.9057602857
13.1819158155 10.666260574 82.8257469479
7.686927926 11.5412578408 88.9857367216
1.66694229544 12.4337557188 97.210720079
-4.47554355864 13.186254683 103.895704285
-10.6355290635 13.3437542081 108.445692463
-14.7305201309 13.3262544506 112.365679125
-17.5305137751 13.7987530259 117.493158447
-20.9255060046 14.2012517174 123.670653954
-26.7179914792 14.6037504088 129.620636393
-34.8904712952 14.6037504088 134.503117402
-42.9754531775 12.8362552641 139.770615274
-48.2779386118 11.8037576185 145.75559552
-51.8129323165 11.7687572497 151.460579646
-52.9329304571 10.6312602053 157.183076335
-55.0854253896 8.84626444922 161.34806131
-59.4604142847 7.27126834454 164.060555313
-64.2554076051 4.29627456403 165.513046285
-66.967901608 2.02128004832 165.513046285
-67.5104017746 0.41128378831 163.67555211
-67.1954010169 -2.05621040783 161.925566114
-66.5129027902 -4.10370594154 159.440571521
-65.2354008556 -5.76620211439 157.11306706
-63.240409717 -7.58619738545 154.680582838
-60.3704119202 -9.3011932577 152.17807568
-57.7629181699 -11.1561888975 149.973090866
-53.9479283452 -12.5911860884 147.383089189
-50.0804349791 -13.658683249 143.98809696
-45.2679461701 -14.7436818747 141.170609535
-40.4029572347 -15.0936804399 138.283112834
-36.150467496 -15.8986795304 135.273123807
-32.4404779238 -16.9661758372 131.493128375
-28.7829850629 -17.1936752461 127.100643991
-25.3354944146 -16.9661758372 122.865649741
-21.9230032814 -17.0536754785 119.015658694
-18.5455099556 -16.7386764283 115.55067085
-13.5580227177 -16.7561770396 113.048177352
-8.18553483832 -16.8086771659 111.088184021
-3.33804608735 -16.2661787068 109.425685714
1.21194337096 -16.073678813 107.308195419
5.21943394331 -16.0036780754 104.805701921
8.6844260566 -15.373679975 102.145704629
11.8519188772 -14.6036821071 99.3282103739
15.1419117079 -14.2011817081 96.7032177199
19.0969013002 -13.7636826478 95.8107189881
23.1043927263 -13.1686840625 95.6532220243
27.2518822125 -13.2386839463 95.8457167955
32.2043724967 -12.6786857297 95.3557201703
36.4743645543 -12.6261856034 94.5157249799
39.5368571223 -10.4736906709 92.5557248186
41.9868504937 -8.61869503106 90.4382345237
44.0168462699 -8.42619513719 88.9157342765
45.906840571 -7.20119845148 88.9157342765
48.0593355035 -5.95870158138 90.1582315735
50.6318314463 -6.11620110647 92.7832242275
52.9418233426 -6.02870146517 95.8282178918
55.1993185277 -5.06620370335 99.9232072517
57.1243140514 -3.80620664886 101.953203028
57.7193075141 -2.44120955524 101.49820421
56.2668165421 -1.11121261696 99.9407129856
53.2568241004 -0.0437151295054 99.3807139153
50.5618290012 0.761282993829 99.4507095302
49.1793336442 1.6362809009 99.1182098687
48.829335079 2.02128004832 98.2782146783
48.7418337302 2.89627816884 97.8932183057
48.5493355438 4.10377509704 98.1382166183
48.2343347861 4.73377362429 98.5757165323
48.1818346598 5.90627103748 97.5432129103
47.4643386257 7.7087674048 95.4257226154
45.6093421321 8.14626646506 92.6432261675
43.0193472856 8.09376633878 90.2107351149
39.186855142 8.95126384802 87.4807422083
34.0418700866 9.51126291836 84.1907502314
27.4618827177 8.82876469171 80.7257555567
21.1968961064 8.09376633878 77.1557606296
15.5269097881 8.46126551524 74.3907699155
10.1544227625 7.9712663287 71.8532786103
5.81443252866 7.51626751093 68.9132851986
2.26194077407 7.8837666874 64.3632901908
-1.85054962397 7.28876810205 59.3583031954
-7.13553743521 6.02877062067 54.8958129515
-11.6155265828 6.30876972896 50.8008201765
-15.7105167965 5.55627161852 48.3333279014
-19.035509996 4.78627332369 47.0383304781
-22.0105029227 5.66127144421 45.7958331811
-25.1954946471 5.50377191912 45.3058331408
-28.2579889226 4.45377408912 46.0408314937
-30.9179810917 3.99877527135 47.3883290433
-32.7554752665 3.89377544566 49.1733265069
-34.0854739123 3.22877740341 51.203318868
-34.2254719723 2.63377860462 52.1483177261
-33.6129727757 3.40377689945 51.7458190346
-32.5629770801 3.14127754867 51.5183196257
-32.9829746753 2.2312796997 52.445816165
-33.595473872 2.09127993211 53.4958152756
-33.6829752208 1.6712808428 53.688313462
-33.5779749682 1.11128219935 52.4983162913
-31.7404773784 0.883782737105 51.2383200906
-29.3429841332 0.953782460815 50.5033217376
-27.2604899383 0.813782853313 49.9608249861
-25.7904932324 0.323784013611 50.3633236776
-24.617996673 0.07878458042 50.8358213991
-23.7954986788 -0.323714484582 51.430821692
-23.3579987647 -0.988712927043 51.203318868
-22.4305022255 -0.516214031609 51.0983220305
-21.9930023114 -0.883713154716 50.328322455
-21.7655029025 -1.11121261696 49.1383252843
-21.1355048022 -1.30371229739 48.0183271436
-20.5230056056 -1.60121159006 47.1083295081
-19.3855085612 -1.54871167722 45.4983347422
-17.6005128051 -1.75871111515 43.8183375312
-15.9030166904 -2.37120967145 42.7683418356
-13.3130226976 -1.60121159006 41.4908433161
-10.8805282299 -1.07621267506 40.3533462717
-9.30553212523 -1.98621052403 38.8308494395
-7.74803577806 -1.84621096989 37.9558530265
-7.17053695022 -2.00371049498 38.4983497781
-6.96053772573 -1.811211028 38.7258491869
-6.75053807435 -2.00371049498 38.5858511269
-6.61053830677 -2.10871032067 38.6208489344
-6.82053795814 -2.21370993292 37.6758534914
-6.0680398477 -2.33620972955 37.48335189
-3.95054485709 -1.56621164817 37.0283530722
-2.07804903286 -1.7762110861 37.0108541685
-1.53555025363 -2.33620972955 38.1658501166
-1.41305045699 -2.26620984576 40.0558478328
-2.30554844174 -2.3887096424 42.6283403605
-2.743047502 -2.98370822775 45.7258341511
-3.53054576778 -2.75620881886 48.3333279014
-5.47304126236 -3.12370799533 50.9933217779
-8.5005338885 -3.26370754947 55.368310673
-11.8255262342 -3.5087069293 60.6883018412
-15.1330188224 -4.69870452689 66.7257856285
-16.2005168368 -5.92370163948 72.3082774281
-12.5080244609 -6.67619974992 74.8457687333
-4.17804426597 -6.06370140707 73.7957730377
1.31694319664 -4.96120387767 73.6032714363
4.01193658822 -5.83620199818 71.9757777666
7.02192945686 -5.88870169759 69.3857829201
10.1194223937 -3.87620653266 66.7432845322
10.3644224138 -3.99870611585 65.2557889226
9.66442357592 -5.38120275353 63.7857922167
11.3094195644 -4.08620575715 62.2107952583
13.584414507 -3.14120796628 61.4758003204
14.6344127639 -4.89120399387 61.3183033567
16.6819074438 -4.31370516603 61.9482980419
20.0768996733 -3.21120763663 63.8732935656
24.0843893919 -3.28120752042 65.8682915343
27.2868834351 -3.49120695835 67.7232846128
30.3318770994 -2.07371037877 69.1407846075
32.7118714408 -1.67121126041 70.4007808082
34.006868864 -1.98621052403 72.4307765844
35.5118667925 -1.2337124136 76.6132672931
37.6993595324 -1.1987124717 82.0032506612
42.2318488063 -0.288714569367 87.9182352921
47.8318360946 0.866282766157 92.9932247327
52.259325116 1.7062807847 96.5107161185
55.7243197906 1.95128037797 99.1357156026
58.5943073421 3.59627615299 100.885708429
61.9892995716 5.22377238395 103.213206059
65.4892920537 6.74626878922 104.963198885
68.1667882491 8.65376455534 106.310696434
70.214282929 9.86126233732 106.993194661
71.8417765987 10.6487599628 106.590692554
72.0517771038 12.2237569212 103.895704285
70.3892787965 12.8362552641 100.343208262
67.7467872388 13.186254683 95.7057187355
64.3167972018 14.1662522023 89.7907341046
58.5593095347 14.078752561 83.3157504033
51.8568264245 13.2737543243 75.8607666214
45.1368444106 13.4837539757 67.4782863002
38.7143574205 12.3112565625 59.1483026902
33.4118685711 10.9112597404 50.6783210202
27.3043823388 9.66876244345 42.6808404868
21.9493950706 8.07626658127 35.2783568312
16.0344087322 6.46626968093 28.2083762521
11.2044201656 5.43377203532 21.9433896409
6.5144309397 3.84127574626 16.133403555
2.36850492286 2.61259375523 11.0997119029
-1.24471849065 1.90659311605 6.44609591062
-4.54203273341 1.0441405296 1.9761093382
-7.22171970685 0.491080968587 -1.47466918466
-9.21112632506 -0.153124532353 -3.41375044642
-9.99370537203 -0.389742409217 -3.82156514707
-10.02315281 0.0638827166433 -3.14150721324
-10.3031523452 -0.111116886116 -3.10650727135
-10.9331512993 -0.49611598017 -2.98400747471
-11.2131499807 -0.408616178791 -3.00150744566
-11.4056498746 -0.25111657366 -3.21150688359
-11.3181502333 -0.636115694394 -3.49150641876
-11.2131499807 -0.601115752498 -3.52650636066
-10.7056518904 -0.146116801332 -3.49150641876
-9.88066515183 -0.0916460500155 -3.21242255369
-8.97025855968 -0.209637425414 -3.29897664288
-8.09614921545 -0.13669783241 -2.92115664783
-7.01773274232 -0.0138992156956 -2.75686921124
-5.65365153223 -0.0821327660062 -2.56177769352
-4.07844668039 0.0395171009531 -2.16521484944
-2.74198199498 -0.0127094315409 -1.8626582404
-1.26233852324 -0.0295734093108 -1.77204980308
-0.190738989844 -0.0118192545344 -1.34071796233
0.789774260914 -0.268543520451 -1.36388697703
1.26996206374 -0.125837670262 -1.30091043228
1.75717219175 -0.0375307611893 -1.58189052419
2.13133612316 0.0831801437177 -1.68564000129
2.06933437218 -0.107017955106 -2.009915067
1.82019078477 -0.515921881623 -2.41302121701
1.74760802829 -0.316613425648 -2.67058832897
1.33392247361 -0.395605605981 -2.87133843173
1.51141829123 -0.592855511787 -2.69096871202
1.7365719625 -0.289138173507 -2.2574226145
1.66574957645 -0.402971841053 -2.02145101609
1.39083958752 -0.291698981529 -1.77331573299
0.744823396997 0.00567822179966 -1.7702458903
0.095275900205 -0.0629674801048 -1.80150385778
-0.283623689101 -0.3528780168 -2.22612889533
-0.842993423013 -0.259791293827 -2.47049904546
-0.414089281951 -0.305716631361 -2.82964577388
-0.19979323819 -0.52199049051 -3.88362410075
0.506806108358 -1.0420788845 -5.63493813833
1.18139808936 -0.985877337952 -8.00038079573
2.02139616126 -1.70337571994 -11.3078733839
2.54639486282 -2.75337322977 -15.7528621628
2.47639497903 -3.41837169891 -19.9878529978
-0.0435991299526 -4.11836989651 -22.5428466218
-3.36859126222 -4.46836931547 -26.3753387653
-6.67608363698 -5.09836784272 -31.3978280795
-10.088575624 -6.63836400549 -36.6478168026
-13.5885681061 -7.42586248471 -42.4928024036
-16.5810616441 -8.31836036273 -48.6352864434
-19.6610531159 -8.98335883188 -55.0577734334
-22.0935475835 -9.29835873583 -61.077758317
-23.703544057 -9.96335720497 -66.2402491063
-25.5585405506 -10.505855664 -70.7727383802
-27.2560366654 -10.5933553053 -75.095227149
-28.446033836 -10.9608544818 -79.1902165089
-28.4285349323 -11.2233542595 -83.2152102538
-28.078532952 -11.1533543757 -86.9776999522
-27.3960347254 -10.9433547243 -90.4426877967
-26.6785369837 -10.5583557903 -93.4001869423
-26.1535391359 -10.6983547041 -95.3251824659
-25.5410399393 -10.3133557702 -97.2676768933
-24.6660418188 -10.0508568463 -99.4376707296
-23.2660458505 -9.96335720497 -101.450167602
-21.5335485132 -9.45585826092 -103.095160175
-19.363554677 -8.87835943307 -104.267661857
-16.6160611591 -8.80835954928 -105.405158902
-14.0435669238 -8.84335906429 -106.42015679
-10.981073502 -8.65086002419 -108.152650712
-7.20108233853 -7.81086141868 -110.09514514
-3.01859227014 -8.17836059515 -110.777643366
1.16389811842 -8.45836013032 -111.547642942
4.66388985344 -8.4933604991 -112.527636192
8.72388055208 -8.40586000403 -113.54263408
12.9763702908 -8.82585930679 -113.787632393
17.0713605045 -9.26335836704 -114.295141582
20.5888518903 -9.38585837712 -114.61012868
23.528845302 -9.89335732118 -115.047628594
25.5588410782 -10.6633551891 -116.727618974
26.8538385015 -11.5033529409 -117.707625885
28.6388342575 -12.3258509351 -118.302615933
29.846330332 -12.7983503641 -118.33761374
30.4763318474 -13.7258477572 -118.705118039
31.0188285989 -14.1633468174 -119.842615084
30.7038312563 -14.9858456654 -120.770111623
29.846330332 -16.2633424774 -122.4326031
28.7088332876 -17.1908407242 -124.130106045
27.4488370868 -17.9608385922 -125.6876041
25.7688398758 -18.8008354901 -126.597601735
23.2138462518 -19.8508346008 -127.052600553
19.9588537899 -20.4808327012 -127.402592288
16.2313636065 -21.1283314128 -128.242594309
11.9438726452 -21.5658296193 -130.570085109
7.63888278018 -22.68582776 -132.582581981
4.06889126809 -23.4383250166 -133.317590579
0.778898971 -23.3158258603 -133.580087796
-2.45859362669 -22.8258275275 -133.755076833
-5.87108540025 -22.2658284572 -133.930079531
-9.7560768163 -22.3183285835 -133.177585689
-13.9560672825 -22.4233271285 -131.935081562
-18.1035567687 -22.5108267698 -130.885092697
-20.8860515091 -21.7583295131 -129.380091353
-22.5310474976 -20.6908314988 -127.525098275
-24.0360437184 -19.6233334844 -125.670105196
-24.8060415864 -18.7133358488 -123.132613891
-25.6810397069 -17.7858393096 -120.315112805
-26.5210383124 -16.36834273 -117.865116019
-27.7810345131 -15.6333443771 -115.380121425
-28.0610340483 -14.4433472064 -112.98264184
-27.7285343868 -13.918347651 -109.832647923
-27.571034008 -13.2008490556 -107.102655017
-26.6260368574 -11.8358526023 -104.530159074
-25.9435386308 -10.9433547243 -101.187663556
-25.2435415004 -10.4358557802 -98.2826747814
-24.0885438447 -9.85835695239 -96.4976773178
-22.2160484474 -8.56336038289 -94.9926828045
-19.6960543384 -8.33586097401 -93.9601860127
-16.7385603154 -8.05586143884 -93.4351847498
-14.2185662064 -7.65336189359 -93.2776809558
-11.1560736384 -7.3033633284 -93.3126855935
-8.07608045905 -7.28586271713 -93.1026850883
-5.45108695127 -6.09586554643 -92.0876872002
-2.3885937429 -6.4458645385 -90.1976894841
0.323900046514 -6.69086413178 -88.6926949707
2.52889489187 -6.4458645385 -87.5376990226
4.82138937853 -6.16586500333 -87.2401971686
6.71138538715 -6.60336406359 -86.7676994471
8.35638137561 -6.11336530393 -86.7327016396
10.2463765305 -7.35586260092 -86.1376979316
10.5788761919 -6.88336359876 -85.8402029078
10.7188759595 -6.21836512962 -85.7352026553
10.6488760757 -7.478362611 -86.1552036656
9.65137794511 -7.3033633284 -87.0126977597
8.5838807845 -7.5658622523 -87.7126948901
7.98888219915 -8.30086060523 -88.1151969966
6.71138538715 -8.80835954928 -88.0976980929
4.85638974731 -8.12586132263 -87.5901957338
2.56389483377 -7.5658622523 -87.1526958197
0.638899310137 -8.84335906429 -86.9076975071
-1.51359562238 -9.05335871567 -86.9776999522
-3.63109082644 -8.19586120643 -87.1176980123
-5.0835877748 -7.95086118627 -86.8026972546
-6.85108377334 -7.89836191375 -86.2426981842
-9.10857810466 -7.5833620098 -86.1027001242
-11.9260715063 -7.82836202996 -86.3127006293
-14.8135647918 -7.5658622523 -86.9427021448
-17.351059512 -7.82836202996 -87.4851954812
-19.3810535807 -7.5658622523 -87.6951959864
-20.4310526913 -6.79586395747 -87.6776970826
-20.7985518678 -6.28836501341 -86.8726996997
-20.8335513828 -6.16586500333 -86.1201990279
-21.2010505593 -5.78086606936 -85.6477013064
-22.0410474572 -5.44836683479 -85.9277042567
-23.0560453454 -5.23836718341 -86.2777028219
-23.8260432133 -4.94086789074 -86.3651973405
-24.6835424301 -4.1883697803 -85.7702004627
-24.2635431273 -3.78587066194 -84.8252050197
-23.7735447946 -3.48837136926 -83.9502051917
