0.384999094054 0.0349999185509 -1.97749543648
0.83944541484 -0.359762324457 -2.1585740001
0.941693694583 -0.0266891352247 -2.13026186498
0.784816248862 -0.0432587985637 -1.96549332807
0.73403070949 0.248888069572 -2.12969303962
0.992682004722 0.157990630551 -1.93067353199
0.663415736585 0.00048066385056 -1.65018627976
-0.0529439941638 0.120391314166 -1.90668169486
-0.0518293819348 0.27204062249 -1.93506725434
-0.598947492672 0.523286515874 -1.48317189652
-0.67199576814 0.426612271108 -1.8973672596
-0.555059254295 0.0921317260226 -1.97734346512
-0.235006089391 0.0216659530481 -1.66161059821
-0.195795505801 0.123999059674 -1.74655009849
-0.123147342412 0.0699939407413 -1.28149203643
-0.103423229616 0.0856519193652 -1.56288108496
-0.204035122591 0.392216426015 -1.61563606208
0.0914965132451 0.126986153213 -1.73580655622
-0.167402822661 0.0215235232597 -1.51081616877
0.195883777785 -0.0988503752989 -1.49614111477
0.208891429095 -0.0282431597095 -1.41324874546
0.221625273169 0.0751406696787 -1.3321014854
0.405406397593 0.0735587575434 -1.21839969889
0.790896917273 0.0377470722409 -1.34693299306
0.568668000867 0.0712154811992 -1.16439277236
0.0941444793467 0.0697162048215 -1.2084051278
0.143557113885 0.0339854143829 -1.25149124771
0.0548771599619 0.341637632785 -1.20801249956
-0.391698159943 0.128866798715 -1.28536997399
-0.246399565336 -0.0108985018307 -1.34396731051
-0.258343750675 -0.0106690573699 -1.04156864922
-0.150115707657 0.160870935933 -0.916851607612
-0.0955607531118 0.226010351084 -0.794760127267
-0.264864351609 0.204120686518 -0.880817641526
-0.447735142011 0.182691871881 -1.18777341571
0.00711084395786 0.110319570117 -1.19703075499
0.435249638766 -0.0804498753631 -1.12043548521
0.34042879885 0.041164580083 -1.11397894383
0.40178800662 -0.0110966635646 -0.902079650527
0.239145467833 0.160452347701 -0.608983898579
0.0456638899763 0.0885482329656 -1.07584640702
0.0447025430987 0.0695525207881 -1.13885475478
0.352129125662 -0.0518325135426 -0.686590354164
0.413242020311 -0.170662069254 -0.963371917264
0.644383725772 -0.115674572646 -1.02874820069
0.168266239262 -0.0618447036845 -0.887169489157
-0.0408546876545 0.059378064007 -0.748571401179
-0.108520739952 0.0923910725014 -0.630022859737
-0.346077618889 0.210366786527 -0.925126896048
-0.390186397155 0.257332618238 -0.717203510602
-0.570418873078 0.0977312340782 -0.684972990495
-0.524147010975 0.147068356516 -0.790473339813
-0.564506931289 0.229629889313 -0.722437130815
-0.175728723748 0.156269400225 -0.672964798962
0.0849439158845 0.204374136637 -0.693060235726
0.271602557592 0.0116246012683 -0.746995658878
0.128832301004 0.011379875629 -0.816927134217
0.160383112157 -0.0231227843017 -0.542755657771
0.48250589958 0.0630217012747 -0.668381432582
0.455216316092 -0.212409688662 -0.568652472895
0.257185876236 0.134692883092 -0.539549318341
0.183245289332 -0.00519507375707 -0.596716587351
-0.0604540697492 -0.142138025341 -0.481364993852
-0.110575968415 0.0664328258396 -0.454099476053
0.131593491901 -0.0720180665706 -0.513065428487
-0.00822921144805 0.0836819480049 -0.553658748625
-0.0765821297075 0.0133940696928 -0.610529011823
-0.0407067917265 0.0645067036576 -0.529149525875
-0.00558672816122 0.0631486664571 -0.603667249074
-0.159652977314 -0.212285411526 -0.505300695496
-0.276212631017 0.134814545552 -0.614583680109
-0.390318411597 0.423212499038 -0.533118923718
0.0119242284268 0.123066607631 -0.539026916813
-0.193905282048 -0.0508396671601 -0.37349500132
-0.0870338288215 0.0358883313183 -0.365631977869
0.137508461911 -0.0505249055652 -0.426460646599
0.186008174432 -0.186513540548 -0.400351028892
0.1992237725 -0.0112715333407 -0.409054163647
0.177898024109 -0.113823475648 -0.468968656384
0.0371004936283 -0.00863795462538 -0.322043199898
0.139108670106 0.0600700525992 -0.400921134911
-0.0180037896027 0.19585773775 -0.323954474457
-0.223203229941 0.243129032949 -0.471318342685
-0.201372675721 0.0495636053782 -0.461395915293
-0.197133259254 0.151309400485 -0.383156067866
0.132516165591 0.199518563842 -0.306563359394
0.215384042327 -0.130181073448 -0.24871499405
0.159455009013 -0.0417827240976 -0.140689615078
0.207492684329 -0.126560774829 -0.086333175781
0.0832036491185 0.0302875092548 -0.341488596271
-0.192652625616 -0.244454753559 -0.282904706651
-0.12007062953 0.1033224312 -0.448264266991
-0.460173634455 0.0840156926788 -0.25038006221
-0.17638111201 0.236430794151 -0.279372013007
-0.395377835713 0.16292715157 -0.239227456592
-0.421317152656 0.125234000345 -0.199928134111
-0.206868870737 0.191123667333 -0.229981963397
0.24290627859 -0.121267697425 -0.293666498296
0.272055536813 0.0526006979195 -0.15043178993
0.0778811366025 0.154282566874 -0.164396292477
0.179030765645 0.0996398872919 -0.195198239171
0.243787877859 -0.0566416458284 -0.311009588703
0.461365499678 -0.278159177018 -0.458645916809
0.263205606695 -0.0153301236404 -0.31193785193
0.000691348263486 0.0706503110475 -0.356765345843
-0.0335862894768 0.120557532834 -0.452043700642
0.0699100243262 0.0666248844403 -0.219816744692
-0.154271774667 -0.0718300700553 -0.112399891463
-0.15102394727 0.100997530957 -0.00724425244823
0.126260127147 0.116002794485 -0.0927494831719
0.106470487376 0.0107714099165 -0.244980596854
-0.032823317776 0.0962023491665 -0.239823175761
-0.169184617414 0.094177042731 -0.0463273572594
-0.0970966749696 0.0750628163763 -0.165272689075
-0.420551799733 0.227666401281 -0.178924711198
-0.394566512522 0.257136544243 -0.380736479011
-0.146418302786 0.0975392488485 -0.115747743544
-0.0405465794754 0.0269596407658 -0.233231845182
0.0973593431537 0.0949182232445 -0.262584727943
0.300888125795 0.0757884155572 -0.445503382919
0.294553647081 0.074192876426 -0.16201981909
0.374010225831 -0.167210630658 -0.158608787906
0.297610176268 -0.112295784682 -0.155269686984
0.291344692975 -0.0585370522414 -0.117737671817
0.182421893277 -0.160093937031 -0.0124699752735
0.195712956754 -0.242381235706 -0.0122074404912
0.0888034573282 0.0368261461148 -0.286055124038
-0.0672499453393 -0.0324752857671 -0.160112066338
-0.0315710815592 -0.237370076368 -0.156741375865
-0.0823010524025 0.144521062098 -0.221967822363
-0.423199185537 0.175741583684 0.00541504668862
-0.431421273327 0.257699446563 0.0909586971365
-0.336681008111 0.0124326494442 -0.116534707563
-0.569434527726 0.0121709150728 -0.268265297615
-0.197684128731 -0.210795313194 -0.245486029671
0.337555377002 -0.189225973079 -0.034739541543
0.193396620908 0.0374677288293 0.0345179877999
0.463429759445 0.156599703132 -0.0347348457989
0.385147170075 0.0505136397815 0.137311880988
0.205723416008 -0.0190759667126 0.117289655144
0.0814716199148 -0.0529374441344 -0.159284121281
-0.125822035569 -0.10321758404 -0.310114622571
-0.311620088794 -0.0667815048474 -0.0980072224341
-0.287928112275 0.345781360126 -0.0959438697995
-0.350392607487 -0.0212605682616 -0.162450120001
-0.137437465462 -0.226391453404 -0.176161692696
0.156692123913 0.00108469020066 0.0159939177579
0.13626178188 0.138114186216 -0.0357371737157
0.321840055606 -0.0875035032802 0.0506726280709
0.143749079104 -0.034266698791 -0.104577849051
0.0379335479754 0.206296256764 -0.11950775389
-0.0656542928165 -0.209203776117 -0.0655971968374
-0.115666715279 -0.290457170664 0.004309839288
-0.28454701646 0.229603875958 0.107008323495
-0.415608862086 0.0705862648335 -0.0494282558913
-0.286938430851 -0.119346684532 -0.0483877216932
-0.332292221626 0.328585918853 0.00402531988572
0.000202637364998 0.355931371024 0.0382037200119
0.171513759835 -0.0627188391221 0.054531035599
0.167902946085 0.0242592410787 -0.0494060578284
0.438472760145 0.092274666073 -0.0654975189973
0.326452556943 -0.115246419504 -0.20117101219
0.645079122781 -0.352661719089 -0.196935877921
0.134683851789 0.11731429446 -0.141395257346
-0.00520391162767 0.0291868241759 -0.0184976031208
-0.15927821158 0.0628354456532 -0.0181082832485
-0.190188067007 0.112907218585 0.0850621232374
-0.151921034491 0.161924850334 -0.070912352243
-0.217248839693 -0.149851812176 0.0162380964497
-0.0927544123692 -0.232354728213 -0.0183665491726
0.149039861997 -0.0732792006888 0.0162829194614
0.0773760172801 -0.10599955894 0.0844664040688
-0.335409902207 -0.0352418394169 -0.00296963124078
-0.0713755433733 0.102552395873 0.0998821049769
-0.206925219666 -0.0709219771844 0.0806476969224
-0.11691119418 -0.000902730117803 -0.160891559854
-0.0287922149214 -0.0180152621593 -0.294556768684
0.263050086853 0.0508901664192 -0.014250729492
0.171854494764 0.101213388442 -0.116740039644
0.0140526678094 0.15047719991 0.0227698764562
0.0994145115866 0.0445200293983 -0.149024774251
-0.262440734019 0.112108915412 -0.248676787769
-0.239784142388 -0.027303590679 -0.294836165456
0.159289350632 0.0931919903499 0.0882648341386
0.0874097284707 -0.0458222446071 0.0864066001429
0.0170433765378 -0.0619891044848 0.0160613657182
0.102342254656 -0.129210228361 -0.155591985781
-0.0711277094716 0.113351540028 0.121788177967
-0.189551059975 0.0081759574414 -0.172011935593
-0.356875909272 0.110793066538 0.00292480822917
-0.503546568281 0.0228028800666 0.037126046747
-0.338761729663 0.176506669803 -0.152102407606
0.26797397472 -0.118445421834 -0.234557965997
-0.183087621721 -0.115951821649 0.0616162730775
0.334713037778 -0.0278530460964 0.128845240981
0.259140292944 -0.0101351232543 0.143264163488
0.219421635181 -0.0270532888436 0.00319588072797
0.214802236969 0.00777932714936 -0.270976236046
0.278806229207 -0.163699841594 -0.111087430994
0.204410488633 0.062456464422 -0.125880305484
0.0801863133867 0.0782731445215 -0.157493335245
-0.109948746407 0.128019910599 -0.0685198706375
-0.0391078775292 0.108193198462 0.0357117740092
0.201556997017 -0.0482684071051 -0.0506976008916
0.402892173486 -0.0129891618178 -0.203814289217
0.377278677149 -0.0127157014265 -0.199523446349
-0.110347130933 0.0218150662678 -0.00687584998136
-0.0908924964832 -0.0814334269737 -0.0923887646499
-0.106110509234 0.023070190634 0.0123455380556
-0.103876602372 0.09111065515 0.0977431935514
-0.135952809924 0.14058716248 0.0271595433935
-0.0816960284569 0.0348382055293 -0.127596173057
-0.182765349603 0.0169732205205 -0.0392521515978
-0.127523042179 -0.0690417919191 -0.0384257006408
0.303450134434 0.000937868157264 -0.0890114574463
-0.0284375328317 0.0865758070117 -0.207058408044
-0.18202270167 0.221805485688 0.0542738368896
0.164440128315 -0.0569687270815 -0.0496579204651
-0.010337146971 -0.12429554522 -0.151401887967
-0.0272510570422 -0.138810330275 -0.0625567025497
-0.14659812844 -0.084493384587 -0.0783713282612
-0.297695713515 0.242784696171 0.248777746266
-0.171507650032 0.0149634020365 -0.0990904452147
-0.0137131134862 0.0831745275011 0.14283706422
0.226417119914 -0.0042342004559 0.19122457247
0.033203526304 -0.0726712152228 0.170067257217
-0.00175857616587 -0.0882728449179 -0.124749271491
0.203856924439 -0.206335236776 -0.0878599329337
0.388012134247 -0.116333644339 0.0510418843094
0.294185751541 0.194483192074 0.0499674126882
-0.106033029457 -0.0665842769262 -0.225189102798
-0.0695376731655 -0.150840199603 -0.169053616826
-0.222257571117 0.400544648294 -0.0969683957792
-0.577340773367 0.152270573941 -0.129190164727
-0.411002390511 0.0805387076352 0.0277136411942
-0.436612791926 0.233027046707 -0.0585275406916
-0.393157869341 0.279515820169 -0.0744269032393
-0.110776231228 0.0509212623835 -0.261307058669
0.336975932856 -0.49836001223 -0.084490309675
0.535460125663 -0.248026667338 -0.031316984442
0.83255499738 0.0141680203634 -0.0135260908043
0.438133679399 -0.157445644095 0.0210217790034
0.120542098244 -0.085604848533 0.106236727366
-0.104705627984 0.0875127413563 0.0697371355671
-0.290948222765 0.119933465779 0.0511377201771
-0.439006847673 0.20306622517 -0.0698596517989
-0.326975385357 0.352974999924 -0.0169943246885
-0.268697039266 0.037176245852 0.103284171558
-0.228777184878 -0.152053342416 -0.0359425057975
0.0158807063031 -0.148852218997 -0.0523174191541
0.323914080386 0.0255969144913 0.0173102201989
0.299963277656 0.0593211080999 0.0169458731474
0.34504290101 0.177993019545 -0.0690686323654
0.560488868462 0.054325023168 0.120832380605
0.360242144124 -0.0667394365834 -0.0701582584334
-0.0584988326199 -0.0139397831891 -0.0858128019605
-0.262845741945 0.174800620604 0.0530461132572
-0.308706779801 0.0340682769236 0.206113069384
-0.216549987577 -0.0694381687477 0.184642206493
-0.331911812995 -0.0679763115806 -0.367454140012
-0.307792630488 0.173296314978 -0.18840307061
-0.0957343355604 0.0154641257689 -0.0987790320054
0.146122671012 0.237848562017 0.0403528766973
-0.131058217097 0.0786573684442 -0.097548960501
0.008753207128 -0.11144550149 0.09295161361
0.162752782051 0.233531519031 -0.268767315345
0.244984118662 0.12582582418 -0.297372080699
0.0171165407662 0.0546506836916 -0.068401623264
-0.0689015065649 0.139157842017 0.104353733993
0.00107520533124 -0.0522187151473 0.0850251976136
-0.0332105032192 -0.102513989489 -0.0538170690569
0.121672518588 -0.0489611894382 0.0501052968096
0.221900214321 -0.0650619620541 0.100444953937
0.251491699578 -0.0808237739849 -0.107248019885
-0.0621705576407 -0.147648387631 -0.104990220757
0.0419275317735 -0.195934617219 0.256982491821
-0.113139004248 -0.0376258233265 -0.125321511939
-0.213546365552 -0.0539652384587 -0.0370255151352
-0.106261413373 0.101354741011 0.135069236307
0.0158964410478 0.0306947850121 -0.0390897215414
0.0155617759013 0.115706282259 0.133048572255
-0.361659698547 0.198928060685 -0.315172365825
-0.234125050409 -0.0964960599542 -0.0173010421537
0.0620400639802 -0.0430699516119 -0.222515516877
-0.00779220042501 -0.0421632194395 -0.0465154004653
-0.0418912298032 -0.161196342993 -0.0284045559018
-0.1609300863 -0.140671178946 0.0921140636216
0.150825618784 -0.189104310619 0.227227269169
0.233308044301 -0.185123173416 0.171048881172
0.194133212399 0.00722108055205 0.116053180352
0.0529938931146 -0.0785886264862 0.0622154073327
0.325982875815 -0.0769341237504 -0.0247521207841
0.284856962249 0.0446063003555 0.112821227772
-0.0123761737836 0.232114151371 -0.00947451744032
-0.0121156200183 0.0901752282461 0.0763824672031
-0.148912876805 -0.014512437183 0.143300662226
0.0426690724719 -0.0313384487949 -0.09955767175
0.315875420098 -0.0820733088149 0.0224591035757
0.257830767315 0.0567068593083 0.0905121745637
0.355192004775 -0.132933900051 0.0714752012031
0.193530409593 -0.352845306674 0.00144436818849
0.0866668670943 0.0657399501253 -0.0328490776675
-0.0350784822179 -0.0555648196651 0.122026166814
-0.308444591864 0.0483941916815 -0.10325279545
-0.387608727143 -0.0211507785636 0.00171031805739
-0.22526471495 -0.0378370384285 -0.101114951239
0.0364508000832 -0.139829706944 -0.0475915796298
-0.135631978546 -0.102622838704 0.00480502684486
0.141328062849 0.0708530417937 -0.0466908505393
0.0184319627552 -0.101953988658 -0.0799710828899
-0.153271474458 -0.0312814328569 0.00737018376657
-0.012992396812 0.0207717306314 0.0757410712512
0.141464986478 -0.116717868262 0.0056205922133
0.0185659982341 0.0227916476333 -0.0972870660475
0.172358993768 0.0908379684892 0.110339527029
0.27151960834 0.0375309879724 0.0566221358122
0.282934962183 0.0196093071901 0.0725614121845
0.1399261031 -0.13498736761 -0.0146238277029
-0.222782027033 0.00490678575337 -0.117105240468
-0.372275708683 0.158987342251 0.0909386335028
-0.501490632788 0.309824073407 -0.185080404793
-0.268222955877 0.269038387844 -0.129789298982
0.0286600137175 -0.164914051621 -0.281240705705
-0.00620643964722 -0.144310634067 0.0673109299814
0.0281873043674 -0.072746347128 -0.173947862808
0.370224655696 -0.0712148408705 0.00102964860961
0.362430467584 -0.0868471263039 -0.033255046087
0.166353417242 -0.136413379708 0.0188397521095
-0.0941218477279 -0.184936130724 -0.118609372672
-0.00648263477592 -0.163911203438 -0.13324387252
-0.126266930639 -0.0062765956645 -0.0790441003212
-0.123608685927 0.0966447629632 0.111066727032
0.0503089947191 0.060347061479 0.0573339679252
-0.0706709082885 -0.197896477749 -0.0466624626319
-0.103446181399 0.0118482294098 -0.285521516757
0.17283625212 -0.00553274711464 0.0973831153581
0.220592222813 -0.176731651973 0.266648467553
0.0103696970151 -0.0873532928306 0.209640213512
-0.0926378525287 0.120064186223 -0.120272519845
0.097759361852 0.0147472777474 0.224890282721
-0.161271821743 0.185752203019 -0.122475037259
-0.277797391281 0.0105262440512 -0.222685844321
-0.323343627522 0.301540807541 -0.0638136678611
-0.248010258914 0.123877210451 0.245897547606
